   2.0000000e+00  -1.0790558e+00   1.4013239e-01   2.9877715e-01   7.0439326e-01  -1.5057440e-01   3.1379667e-01   8.3227992e-01   1.0616128e+00   3.8233141e-01   1.0762661e+00
   2.0000000e+00  -3.1077765e-01   8.5869328e-01  -4.6920744e-01  -4.7160301e-01  -2.0317723e+00  -6.5520397e-01  -1.1528186e+00  -1.9097370e+00   4.9185243e-01  -7.5537001e-01
   2.0000000e+00  -7.7857940e-01  -1.3498494e+00  -2.9632200e-01   1.7722853e+00  -1.0148881e+00  -4.8003571e-01  -7.8418378e-01   4.2879135e-01   1.1983182e+00   4.0303819e-01
   2.0000000e+00  -3.8635224e-01   2.2554697e+00   1.1528634e+00  -4.2496003e-01  -7.3368619e-01   8.7923448e-01   5.3390745e-02   9.5118018e-01  -1.6996847e-01   9.7283927e-01
   1.0000000e+00   8.1946733e-02   5.6330607e-01   1.6336023e+00  -4.3903824e-01   4.7850987e-01  -6.5562785e-01  -8.1551180e-01  -5.5919219e-01   4.1899408e-01   8.7379899e-01
   2.0000000e+00  -1.0414259e+00   3.5813867e-02   9.6965640e-01   1.3207906e+00  -8.6715673e-01  -6.0161278e-01  -8.5125420e-02   5.8417193e-01   8.6248087e-01  -1.0801843e-03
   2.0000000e+00   4.4307738e-02   4.1914568e-01  -1.5353265e+00  -5.8195971e-01  -2.8606851e-01  -2.2936722e-01   1.0608213e+00  -1.3664376e+00   1.0492476e+00   2.4430556e-01
   2.0000000e+00  -4.3035044e-01  -1.2956850e+00  -1.2221542e+00   4.9561181e-01  -1.4671188e-01  -5.9869590e-01   8.1039845e-01   3.7038599e-01   2.5934393e-01  -2.0509661e-01
   2.0000000e+00  -7.5643334e-02   1.2846966e+00   1.1759668e+00  -9.3153847e-01   5.0188393e-01  -6.1236494e-01   2.0770977e+00   1.4699223e+00  -5.7663652e-01  -2.1210969e+00
   1.0000000e+00  -1.7943489e+00   6.7929031e-01   2.7833097e-01   9.3265596e-01   5.9910482e-01   4.8107206e-01  -6.4893707e-03  -7.6674326e-01  -1.9405283e-01  -1.0917832e+00
   2.0000000e+00   1.1156079e+00  -6.3528697e-01  -5.9248007e-01   2.0148130e-01   5.5582574e-01  -2.1979340e+00   1.3648383e+00   7.2274085e-01  -2.5007789e-01   4.4546542e-01
   2.0000000e+00  -6.4158792e-01   1.5732886e+00   1.7709622e+00   8.6853406e-01  -6.8736104e-01  -1.8362181e-01   9.3622326e-01  -7.1200852e-01  -7.9614236e-01  -1.7201162e-01
   2.0000000e+00   1.2716532e+00  -1.2044656e+00   1.2852619e+00   6.2822668e-01  -9.7616425e-02  -1.3288242e-01   1.2034773e+00  -3.3180993e-02  -1.8714815e+00   9.1302749e-01
   1.0000000e+00  -2.2388011e+00  -8.3626942e-01  -9.3622466e-01   1.6517075e+00   4.4366559e-01  -6.8855605e-01   4.2901439e-01  -1.1460549e+00  -6.8175114e-02  -2.7594099e-02
   1.0000000e+00   1.0175814e+00  -1.0717039e+00   3.4139215e-01  -2.1347521e-01   1.4276406e-01  -7.7002889e-02  -7.9019743e-01   3.1637785e-01   1.9402607e+00  -4.6093652e-01
   2.0000000e+00  -8.4049916e-01   7.1214571e-01  -6.1134182e-01   3.9117626e-01  -4.1464704e-01  -7.7534919e-01   7.0462078e-02   5.7094888e-01  -1.0561856e+00  -9.3420797e-01
   2.0000000e+00   4.9707582e-01  -4.8510222e-01   3.5449600e-01  -1.8107495e-01  -1.8387792e+00   6.3441189e-01  -1.5776037e-01  -2.6671737e-01   2.2267893e+00   8.3717770e-01
   2.0000000e+00  -1.4384672e+00   1.5555667e-02   2.7194649e-01   1.0526135e+00   8.3821129e-01   2.0307291e+00  -2.9608551e-01  -6.9849887e-01  -1.5210261e+00  -4.2440240e-01
   1.0000000e+00   1.8091318e-01  -1.2645419e-01  -1.6119873e+00   1.5306729e+00   3.5192138e-02   3.2415985e-01   8.3244898e-01  -2.4129254e+00  -5.8383520e-02  -1.4571626e+00
   2.0000000e+00   1.3780638e-01  -2.0023486e+00  -4.5672638e-01   1.0457424e+00   9.6728596e-01   1.7334681e+00   6.2643730e-01   3.0101154e-01  -8.3042733e-01  -7.4438396e-02
   2.0000000e+00   1.3913821e+00  -8.7453594e-01   7.7372573e-02  -1.3066272e+00  -8.4741497e-01  -2.0119668e-03  -9.9497431e-02  -2.8589408e-01   4.9852488e-01  -1.9319945e+00
   2.0000000e+00   6.2853216e-01   1.1191161e+00  -1.1502990e+00   1.2276727e-01  -8.0351321e-02  -7.6275105e-01  -1.1996222e+00   1.0372815e+00   1.0783829e+00   1.0549325e+00
   2.0000000e+00   9.1307059e-01  -1.0462174e+00  -2.6479341e-01  -1.4841171e+00  -1.0595697e-01  -3.5023847e-01   1.1029351e+00   1.2133639e+00   1.5722117e+00  -6.8554198e-01
   2.0000000e+00  -2.1994511e+00  -5.4302231e-01  -1.5759349e+00   2.4045903e+00   6.2422838e-01   1.2402712e+00  -2.8008450e-01  -1.0359790e+00   7.2683431e-01  -1.8253832e+00
   2.0000000e+00   8.1976564e-01   2.2059383e-01  -4.4987864e-02   9.0996653e-01   2.4639735e-01   1.5396807e+00   1.4945477e+00  -2.0601585e-01  -4.7912433e-01  -1.5969379e+00
   2.0000000e+00  -2.8175757e-01  -1.3284690e+00   2.8803341e-01   1.2171468e+00  -6.0177524e-02  -1.8511263e+00  -3.7804817e-01   1.0032193e+00  -5.8536333e-01   9.5965475e-01
   2.0000000e+00   1.1548650e+00  -8.8417403e-01  -5.7365274e-01  -7.2508258e-02  -1.9173048e-01  -6.7011887e-01  -4.3182389e-01   3.9877666e-01   9.1022328e-01   8.9817882e-01
   1.0000000e+00   1.7629773e-01   2.5599079e+00  -1.7038325e+00   5.7216720e-02   2.1298311e-01  -1.6981127e-01  -4.4348683e-01  -2.4065795e-01  -1.2188466e+00   1.8475045e-01
   1.0000000e+00  -3.5149800e-01   1.1419548e-01  -1.8670278e-01   4.3463016e-01   2.9383525e-01   1.6436971e-01  -1.5718772e+00   9.2380951e-01  -1.4754241e+00   1.7475563e+00
   2.0000000e+00   2.6969068e-01   1.6040116e+00  -8.9433790e-03  -9.6510940e-01  -1.2045421e+00   1.7170036e+00  -1.5233306e+00  -2.5635907e-01   7.2530033e-02   8.8956072e-01
   2.0000000e+00   9.0406148e-01  -1.4335925e+00   1.8531452e+00   1.1805986e-01  -5.0397815e-01  -1.4690345e+00  -7.7524131e-01   5.5216415e-01  -2.5500915e-01   1.3379803e+00
   2.0000000e+00   1.2033469e-01  -8.1380493e-01   1.4219370e+00   1.0596043e-01   1.5427088e+00  -1.0240597e-01  -3.2681067e-01   1.9054147e-02   2.5390512e-01  -1.1929717e+00
   2.0000000e+00  -3.1760384e-01   3.6244493e-01   1.3033172e-01  -1.4996467e+00  -8.7234493e-02   2.1762281e-01  -1.7666829e+00  -2.3606941e-01  -2.5674985e+00   5.3342238e-01
   2.0000000e+00   8.8460568e-01   4.4736183e-02   1.5267565e+00   1.9763216e-01   4.5451316e-01   9.7495409e-01   3.7947580e-01  -1.3613528e-01  -7.0931322e-01  -7.3807941e-02
   2.0000000e+00   1.6569488e-01   1.7739536e+00   3.0998120e-01  -3.6984518e-02   1.9665176e+00   4.6377550e-01  -8.0629429e-01   1.5902348e-01  -3.3756748e-01  -1.8642306e+00
   2.0000000e+00   1.2429017e+00  -8.5413477e-01  -1.2194555e+00   7.6052577e-01  -6.4645375e-01   5.7415659e-01   6.4719969e-01   1.3708920e+00  -2.3289606e-01  -2.5655769e-01
   2.0000000e+00   1.9120239e+00  -6.7895769e-01   2.9778145e-01   1.5616270e-01  -5.7238937e-01  -5.0952257e-01   6.1713822e-01   4.1828948e-01   1.9663900e+00   1.9877757e-02
   2.0000000e+00  -4.0729048e-01  -1.0643841e+00   6.1913019e-02  -1.4979274e-01  -1.9059299e-01   9.7031463e-01  -5.3940809e-01   8.4330799e-01  -4.2151750e-01   2.1320548e-01
   2.0000000e+00  -6.5138741e-01   2.2064020e-01   9.8648658e-01  -2.2787459e-01  -3.9968603e-01  -1.5751096e+00   2.5490292e+00  -1.1509388e+00   7.0359465e-01  -1.3228453e+00
   2.0000000e+00   7.8312267e-01  -2.0886853e-01  -8.8967688e-01   5.0269278e-01  -1.3171386e+00  -3.3908324e-01  -9.8747407e-01  -6.1688113e-01  -1.0376124e+00   9.0245322e-01
   2.0000000e+00   2.4028555e+00   3.7195155e-01  -1.3192655e-01  -4.0997299e-01   8.7983983e-01  -1.3822611e+00   4.6158918e-01   2.9819937e-01   7.3937076e-01   7.3144875e-01
   2.0000000e+00  -7.9806005e-01   6.3735910e-01  -7.8071052e-01   6.3767772e-01  -6.0768747e-01  -2.0910187e+00  -2.1356059e+00  -1.0060615e+00   1.2486981e+00   2.4510572e-01
   2.0000000e+00   4.0771203e-02  -6.3261464e-01  -1.0833047e+00  -1.7138151e+00   1.7592382e+00   1.2527911e+00   2.7660240e-01   1.5405899e+00   1.9417855e+00   3.6517267e-01
   2.0000000e+00  -3.4595488e-01   1.8824440e+00   7.3607781e-01   8.9110216e-01   5.0378729e-01   1.3561593e+00   2.6674420e-01   1.3354290e+00   3.0786908e-01  -9.1930797e-01
   2.0000000e+00  -3.8524943e-01   3.0932675e-02  -1.2765265e+00  -1.1449194e+00   1.5839441e+00  -2.8767274e-01   1.1670752e+00  -1.9522325e+00  -3.1182972e-01  -8.5920299e-01
   2.0000000e+00   6.7870736e-01  -1.0660927e-01   5.7228258e-01   2.4840526e-01  -9.7042188e-01  -6.9654868e-01   5.6246303e-02   6.5207173e-01  -4.5712321e-01   7.5984881e-01
   2.0000000e+00  -1.1042591e+00   4.6736254e-01  -1.0380760e-01  -1.7196720e+00  -2.9764227e-01  -2.2006674e-01   1.3183831e+00  -2.3841891e-01   2.6326013e-01  -1.0109444e-01
   2.0000000e+00   8.4769975e-01   2.4136757e+00  -6.8507854e-01  -8.2672982e-01   8.0439656e-01   2.5704979e+00  -3.0260515e+00   1.8284063e+00   6.0300283e-01  -1.4076658e+00
   2.0000000e+00   6.4786537e-03  -2.8100917e-01   4.2479001e-01   2.8884411e-01  -4.9066540e-02   1.8136608e+00  -1.2785097e-01   9.7308873e-01  -2.6363628e-01   6.8906749e-01
   2.0000000e+00   1.0668937e+00  -8.6364467e-01  -4.7657767e-01   2.2668626e+00  -8.2006149e-01  -3.6551428e-01   3.3196002e-01   7.7610891e-01   1.4349926e-01  -5.1246763e-01
   2.0000000e+00   1.6534666e-01   1.5127877e+00  -1.4240538e-01  -1.2274400e+00  -7.9020745e-01   1.4927636e-01  -5.8622580e-01  -3.4640989e-01  -2.4314162e-01  -1.0536614e-02
   2.0000000e+00  -1.7277293e-02  -3.0103461e-01   3.7678845e-01   9.8593075e-02  -3.5377687e-01   8.9550167e-01  -7.8141969e-01  -8.6664681e-01  -1.1799998e+00   2.0628972e+00
   1.0000000e+00   7.4024066e-01   2.5179680e+00  -6.8257479e-02   2.1033903e+00   2.5772237e-01   1.9357899e-01   7.5833451e-01  -7.8437795e-01   1.0957311e-01  -1.2997466e+00
   2.0000000e+00   5.0925960e-01  -4.0060631e-01  -1.3717249e-02  -1.7821704e-01  -1.4608984e-01  -1.3014315e+00   1.2488923e+00   4.7552476e-01  -1.2164312e-01   3.5126044e-01
   2.0000000e+00  -1.9843953e-01  -4.0984799e-01  -2.3706122e+00  -4.5117868e-01   5.4010387e-01   7.6616640e-01  -1.3897959e+00  -1.6460776e+00   7.2300047e-01   7.1336591e-01
   2.0000000e+00  -7.5182068e-01  -2.0334619e-02   2.3970182e-01   1.0402881e+00  -1.2997367e+00   2.0422081e-02   1.9762835e-01  -1.0974334e+00   6.2336283e-01  -1.0864403e+00
   2.0000000e+00  -2.0733924e+00   1.4384175e-01  -1.4390877e+00   9.1700128e-01  -1.5430264e+00   1.2891840e+00  -3.3984509e-01   1.7324923e-02   3.8682248e-02  -1.1412171e+00
   2.0000000e+00   1.2272479e-01  -1.4963447e+00   1.0710433e+00   1.2195183e-01   9.5227141e-01   1.2189494e-02  -6.7443733e-01   5.1408630e-01  -5.8051917e-01  -1.5430012e+00
   2.0000000e+00  -2.4217464e+00   1.6576306e+00  -2.6216939e+00   1.1268063e+00   6.7281901e-01   1.3894005e+00  -1.2466468e+00  -8.3956904e-01  -3.2912211e-02   1.4071038e+00
   2.0000000e+00  -9.1119473e-01   1.3897861e+00   1.2167341e+00   5.5073632e-01   8.1614660e-01   1.0078347e+00   1.0681422e+00   1.7868218e+00  -1.3684614e+00  -2.4067286e-01
   2.0000000e+00  -3.1909081e-01  -2.5227527e-01   3.9062973e-01  -1.1101352e-01  -1.1954980e+00   1.5322830e+00  -5.0614377e-01   3.4970974e-01  -5.7960868e-01  -1.4601803e-01
   1.0000000e+00   1.5664498e+00   1.5935705e-01   9.8208884e-01  -1.1957895e+00   3.8103425e-01  -5.8253213e-01  -4.8082539e-01   5.2116608e-01  -2.3520049e+00   1.0735747e+00
   2.0000000e+00   1.4866107e+00  -4.4653610e-01  -3.1429526e-01   1.2347302e+00   1.8108990e+00  -6.2573896e-01   3.0260405e-01   7.8966248e-01   9.0669819e-02   7.3462158e-02
   1.0000000e+00   9.2786074e-01   8.0132464e-01  -1.4559621e+00  -9.6132624e-01   3.1667536e-01  -6.3189891e-01  -1.2857787e+00  -1.9917787e+00   6.4079551e-01   3.3569250e-01
   2.0000000e+00   1.5576727e+00  -4.3785156e-01  -9.6380296e-01   1.6276070e-01  -9.3614175e-01  -7.4950203e-01   1.4996635e+00  -1.0267838e+00   2.4063779e-01   1.8521146e+00
   2.0000000e+00  -8.8835564e-01   4.1993148e-01  -1.5194662e+00   3.9769483e-01  -1.5479073e+00  -2.5505012e-01   2.3284192e-01   1.4535372e+00  -9.9112340e-01  -9.4785223e-01
   2.0000000e+00  -7.8060062e-01  -4.9389586e-01  -2.7457684e-01   5.9541719e-01   2.6245996e+00  -8.6188388e-03  -4.9628498e-01   8.9561639e-01  -4.9836381e-01  -4.4752858e-01
   2.0000000e+00   2.3733314e-01  -1.2116832e+00   2.6466778e-01   1.7198029e+00  -3.0446953e-01  -4.4977347e-01   7.4777488e-01   8.1503217e-01  -1.4946998e-01  -1.0308367e+00
   2.0000000e+00  -7.9254240e-01   5.1521082e-01   1.3153581e+00  -3.6752591e-01  -6.7739224e-01   1.6636567e-01   7.7849300e-01  -1.0192755e-02  -4.1840017e-01  -5.1875096e-01
   2.0000000e+00  -5.9078581e-01  -7.6861205e-01   2.1279138e-01   4.2602845e-01  -5.7393984e-02   2.3195101e-01  -5.0394482e-01   1.1299162e+00  -1.3072317e+00  -5.1684865e-01
   1.0000000e+00  -5.5687538e-01   1.3074873e+00   4.7900208e-01  -1.1673710e+00   3.9401618e-01  -7.9678942e-01  -7.4538310e-01  -9.2129349e-01   1.1715142e+00   5.7460925e-01
   2.0000000e+00  -6.3879001e-01   4.9064947e-01  -1.3083904e+00  -2.3369895e-02  -5.2855452e-01  -1.4771329e+00  -1.2786233e+00   9.9654918e-01  -1.3680679e-01  -1.4830295e+00
   2.0000000e+00   7.4966900e-01  -1.9946475e+00  -1.9192398e+00  -6.5537065e-01  -1.1408012e+00   5.4158175e-02  -8.8332522e-02   1.0069459e+00  -2.6267418e+00   4.3834984e-01
   2.0000000e+00   9.3620072e-01  -9.9010691e-01  -9.4280072e-01   1.9723236e+00  -1.8706432e+00   1.3703575e-01  -1.3887179e-01  -9.5840018e-01  -3.6617980e-01  -2.0877652e-01
   2.0000000e+00  -6.4280865e-01   9.2407365e-01  -1.9186943e+00   7.5059677e-01  -1.3237589e-01  -9.3422499e-01   8.2789527e-01  -2.8479683e-01  -7.5645771e-02   5.5786928e-01
   2.0000000e+00   4.0653401e-02  -8.3901196e-01   3.0710028e-01   4.2771278e-01  -9.3432793e-01   9.6735738e-01   1.0212944e+00   1.0751961e+00  -2.2982780e+00  -1.0351091e+00
   2.0000000e+00  -1.3672053e+00   1.2192203e+00   1.3496399e+00  -7.2339737e-02  -8.1402692e-01   2.1607563e-03   8.9781569e-01   4.3649212e-01  -9.3676839e-01  -2.5990500e-01
   2.0000000e+00   9.8836959e-01   8.4716600e-01  -5.5086923e-01   1.9557405e+00   2.3158625e-01  -1.7121149e+00  -1.5524237e+00   3.8174867e-01   4.0371962e-01  -9.2926602e-01
   2.0000000e+00   1.4343762e+00   1.8346239e+00   2.8923359e-01   2.1932046e+00  -5.6958751e-01   3.0784790e-01   6.6059333e-01   6.8290702e-01  -1.0524222e+00   1.5315744e+00
   1.0000000e+00   6.6148127e-01   1.4123743e+00  -1.9704659e+00   6.0291919e-01   4.7238851e-02   6.1587914e-01  -6.2326891e-01   7.1308599e-02   2.7354435e-01  -1.7122677e+00
   1.0000000e+00   9.6189429e-01   9.4802183e-01  -3.1517362e-01   1.2260442e+00   5.7051845e-01   3.4755564e-01  -1.3176476e-01   9.5472009e-01   2.1786893e-01   9.0172155e-01
   2.0000000e+00  -8.7708623e-01  -1.5341752e-01   9.9924507e-01  -2.9087549e+00  -1.3980703e+00   1.8476399e-01  -5.0317795e-01   1.3557472e-01  -8.3954724e-01   1.2547422e+00
   2.0000000e+00   2.8603235e-01  -1.9757633e+00  -1.9787005e+00  -1.6448267e+00   1.0535556e+00   2.5572639e+00  -6.4747877e-01  -2.8522946e+00  -8.7870190e-01   3.2262865e-02
   1.0000000e+00   7.6998054e-01  -6.9771516e-01   2.1535044e-01  -1.3862771e+00   5.7756773e-01   6.1059395e-01   5.8682331e-02  -8.0150528e-01   2.7627483e+00  -6.3115328e-01
   2.0000000e+00   4.2464965e-01   1.5984189e-01   8.6818603e-01  -5.4709139e-02  -1.3730442e+00  -7.2612380e-01   2.0708676e+00  -2.9833515e-01  -1.1348450e-01  -1.4797444e+00
   2.0000000e+00   2.3117631e-01   2.8566769e-01  -3.0292491e-01  -5.2955641e-02  -3.0419093e-01  -1.3091643e+00   7.7306419e-01   1.7771019e-02  -4.8826083e-01   1.7291330e-01
   2.0000000e+00  -1.7099172e-01   3.1687400e-01   2.1775454e+00  -1.1002512e+00   9.4889478e-01   2.9022965e-01  -3.3518124e-01  -1.5545009e+00  -7.6441860e-01  -5.3679483e-01
   1.0000000e+00   1.6857997e+00   7.2033258e-01  -7.2530719e-01   8.1819671e-01   2.0897733e-01  -2.5814404e-01  -2.3037197e-01   7.8633259e-01   3.5302575e-01   1.1623353e+00
   2.0000000e+00  -1.0418851e+00  -2.2434514e-01   1.7484563e+00   9.6214884e-01   8.2140169e-01  -8.0478767e-01  -3.1475671e-01  -2.6733515e+00  -5.5701950e-01  -6.2675558e-01
   2.0000000e+00  -4.3922234e-01   1.4470043e+00  -9.5676932e-02  -2.0715408e-01  -3.0521929e-01  -1.3175047e+00   4.2605145e-01   2.2569055e+00   1.5762894e+00  -9.0315586e-01
   2.0000000e+00   9.0392175e-01  -4.0644058e-01   1.2973520e+00  -4.6161377e-01   9.3511509e-01   8.4815230e-01  -2.3885141e-01   1.3874220e+00  -9.8506107e-01   4.1845267e-01
   2.0000000e+00   2.2808659e-01   8.5671592e-02  -7.1616525e-02  -1.9254397e-01   1.2928104e+00   1.6717444e-01   1.0336024e+00  -9.1682605e-01  -8.1246358e-01  -1.5923638e+00
   2.0000000e+00   1.4046993e+00  -3.7304298e-02  -9.5476426e-01   5.1438397e-01  -4.3184301e-01   1.4486718e+00  -9.2232873e-01  -5.5998415e-01   9.9145714e-01  -9.0475059e-01
   2.0000000e+00   9.0133831e-01   2.1663862e+00  -2.9444110e-01  -7.6357059e-02   3.7208297e-01   1.0472388e+00   4.1691796e-01   7.6640344e-01   1.5720630e+00  -1.4342390e-01
   1.0000000e+00   1.4519335e+00  -1.6746615e+00   8.3538802e-01   1.1487026e+00   7.0938015e-02  -3.4554551e-01  -8.2732791e-01   5.1650072e-01  -3.9069529e-01   1.7859107e-02
   2.0000000e+00  -8.2635081e-01  -1.3399034e+00   2.2331256e-01   6.4889796e-01  -4.9044715e-01  -2.8856091e-01  -1.8678332e-01  -1.7700495e+00  -1.1531764e+00   2.0716918e-01
   2.0000000e+00   1.9824907e-01   6.7712592e-01  -4.2965968e-01  -1.8839766e+00  -7.0671842e-01  -5.6984743e-01  -5.6935500e-01  -7.2659244e-01  -4.9966496e-01   2.2600927e-01
   2.0000000e+00   1.7425679e+00   5.3786269e-01  -9.6910917e-01   2.0665259e+00  -7.8592003e-01   1.1581123e+00  -3.1015761e-01  -5.1985316e-01   7.9657929e-01   1.7022996e+00
   2.0000000e+00   2.5478769e-01   1.3601012e+00  -1.0022231e+00   5.9137867e-01  -3.0249019e-02   2.2044456e-01   1.4655363e+00  -1.5228360e+00  -4.3634175e-01   1.1541856e+00
   1.0000000e+00  -1.3748690e+00  -8.0843411e-01  -1.1211881e+00   1.1079972e+00   2.9636838e-01  -6.2782147e-01   1.5987339e-02   2.7079184e+00   7.5969844e-01  -8.7802288e-01
   2.0000000e+00   1.2179228e+00   8.3402227e-02  -8.7414016e-01   1.7245297e+00   1.8896698e+00  -3.4106104e-01   1.1228860e+00   1.3179740e+00   1.1810163e+00   2.1004991e-01
   2.0000000e+00   5.1201783e-01   3.2092112e-01   1.0391372e+00   6.1701736e-01   6.6765716e-02   1.1993827e+00   2.4000257e-01   3.0925651e-01   7.3153691e-01   2.2079041e-01
   2.0000000e+00  -6.2353583e-01  -3.7095397e-01   1.0223929e+00  -5.2561078e-01   5.3411972e-01  -1.2158539e+00  -1.1318695e-01  -1.9746881e+00  -1.5317935e+00   1.1718005e+00
   2.0000000e+00  -1.1617995e+00  -3.1302229e-01   9.4282614e-01  -9.6177789e-01   1.2569604e+00   9.5817983e-01  -2.4659148e-01  -1.9107541e-01  -8.4807157e-01  -3.7893390e-02
   2.0000000e+00  -4.4833154e-01   7.8559624e-01  -6.6846766e-01   6.4928186e-01  -5.9300801e-01   7.4622865e-01  -1.1544563e-01  -2.1187028e+00   1.2280878e+00  -3.3555591e-01
   2.0000000e+00   7.2794000e-01  -1.3394603e+00   8.7326688e-01  -2.7538881e+00  -1.4034840e+00   1.8922249e+00   1.7686281e+00  -5.6120282e-01   4.5074312e-01   5.0320611e-01
   1.0000000e+00   1.5336068e+00   3.3103363e-01  -8.8131489e-01   6.8311990e-02   8.0324225e-01  -3.8507418e-01   1.3225074e+00  -1.0015733e+00  -8.2619663e-01   2.3277291e-01
   2.0000000e+00  -4.0978923e-01   5.2777195e-01  -4.4150709e-01  -1.3865705e+00  -4.8394520e-01   1.0729425e-02  -2.6918330e-01  -8.4605480e-01  -1.6669944e-03   6.1207500e-02
   2.0000000e+00  -6.1170159e-01  -8.0636764e-02   1.0644268e+00  -9.8326272e-01  -2.9279666e-01   3.1707218e-01   4.8368887e-02   1.1518914e+00  -3.8110692e-02  -4.5103634e-01
   2.0000000e+00  -1.1949452e-01  -4.3639916e-01   2.8463984e-01   8.1502990e-02   6.5510332e-01   1.0899461e+00  -8.3452380e-01  -1.9107971e-01   1.8352965e+00   9.7210800e-01
   2.0000000e+00   6.9414788e-01   2.7290207e-01   4.4132409e-01   4.9321892e-01  -2.0798584e-02  -2.8448411e-01  -5.2526015e-01   8.4357019e-02   6.4259984e-01  -1.7464366e-02
   2.0000000e+00  -7.7137090e-01  -5.6488900e-01   7.3778018e-01   1.0833928e+00  -2.2150600e-01  -1.0516003e+00   1.1875822e+00   4.6469052e-01   2.1970222e-02  -2.2542922e-01
   2.0000000e+00  -5.8276166e-01   1.0353300e+00   2.2219311e-01  -1.2218754e-01   1.1839594e+00  -6.3160227e-01   1.9600179e-01  -3.1145065e-01  -2.3749346e-01   5.4655203e-01
   2.0000000e+00  -1.0814089e+00  -2.5873805e-01  -1.1660841e-01  -4.9268685e-01  -8.9426939e-01   2.9706189e-01  -5.4823404e-01  -1.5297423e+00  -2.4182186e-01  -6.9722266e-01
   2.0000000e+00   1.4153256e+00   3.4578284e-01   5.0085215e-01   1.6797397e+00  -1.0521182e+00   1.3621113e-01  -6.1754598e-01  -6.9188579e-02  -1.5862186e+00  -9.2600904e-01
   2.0000000e+00   7.8867880e-01  -1.4394935e+00  -8.6741642e-01  -7.7796081e-01   2.1156282e+00   1.5707692e-01  -1.8608643e-01  -2.6583745e-01  -3.7062640e-01   1.1341434e+00
   2.0000000e+00  -9.0534165e-02   6.9378083e-01   7.4269255e-01  -3.4166294e-01   9.6016051e-01  -1.2780617e-01  -6.3863173e-01   1.7193192e+00  -1.3750633e+00  -5.3754390e-01
   2.0000000e+00  -7.6778043e-01   1.9846936e-02   6.1902621e-01   7.0338611e-01  -1.9294290e+00  -8.5080572e-01   5.7297342e-01  -6.1231424e-01  -8.3906178e-01  -8.9595085e-01
   1.0000000e+00  -9.1432806e-01  -8.7556929e-01   6.3499203e-01  -2.7419228e-02   2.7552807e-01   8.2676321e-01   8.2845638e-01   8.9043673e-01   7.6905161e-01   1.6159623e-01
   2.0000000e+00  -1.6559608e-01   6.0580887e-01  -1.4385257e+00   1.8959227e+00  -1.2500681e-01  -3.3450633e-01  -1.5467372e-01   5.3032701e-01  -1.7779364e-01   1.2124544e+00
   2.0000000e+00  -6.0513015e-01  -3.9130027e-01   1.4304197e-02  -3.2346659e-02  -2.2644439e+00   7.1213447e-01  -1.2189864e+00   2.8771394e-01   4.0173831e-01   7.5258406e-02
   2.0000000e+00   7.8290031e-01  -1.0196067e-01   6.3073489e-01   8.8762342e-02   8.3147487e-01   4.7151186e-01   4.8159664e-01  -1.3858990e+00  -1.4149563e-01  -7.1113835e-01
   2.0000000e+00  -1.6398574e-01   7.6008169e-01   5.0894825e-01  -3.2573024e-01  -5.3009928e-01   8.8859960e-01   2.1166052e-01  -6.4018307e-01  -5.2606240e-01  -4.7119288e-03
   2.0000000e+00  -1.9025850e+00  -9.6639092e-01   1.2879071e+00   1.4963877e-01  -5.4671806e-01   4.3676298e-01  -2.8994602e-01  -1.2617863e+00   1.5663739e+00   2.5563670e-01
   2.0000000e+00  -1.1483787e+00   1.5771573e-01  -2.4021523e+00   1.1641283e+00  -6.8941827e-02   7.6028296e-01  -2.0650421e+00   4.4859973e-01  -2.2157800e-01   8.2043253e-01
   1.0000000e+00  -1.2606429e+00   1.3837488e+00  -1.1508619e+00   3.4689186e-01   2.8440808e-01  -4.7600070e-01   2.1170296e+00  -2.4078842e-01   8.4941081e-02   1.2647218e+00
   2.0000000e+00  -1.0128493e+00  -1.3579236e+00   1.1458425e+00  -1.0430338e-01  -1.4242663e+00  -7.9085140e-01   5.6054461e-02   1.9089146e+00   1.5115172e-01  -1.7333521e-02
   2.0000000e+00   8.7074243e-02  -5.8981135e-01   8.8112196e-01   1.1512394e+00  -2.0724858e-01  -1.5807806e+00   1.2310975e+00  -7.5725669e-01   1.4616035e-01   1.7385634e-01
   2.0000000e+00   2.5837963e-01   7.5716463e-02   4.0727829e-01   3.9357858e-01  -4.4798164e-01  -8.2647323e-01  -9.4304371e-02   2.8603506e+00   8.2518957e-01  -1.4396335e+00
   2.0000000e+00  -1.1780606e+00  -1.3602570e-01  -6.3481127e-01  -2.4855866e-01  -4.6709258e-01  -9.4153472e-01   3.4169996e-01  -1.8306553e-01   6.4003394e-01  -2.9029105e-01
   1.0000000e+00  -1.0761840e+00   9.6412900e-01   1.3115043e+00  -1.0572927e+00   3.9761079e-01  -9.5209085e-02   3.8544989e-01   2.4005941e-01   2.0352612e-01   6.0648421e-01
   1.0000000e+00   1.0662583e+00   1.2185262e+00  -1.1582033e+00  -8.2313088e-01   1.7982744e-01  -5.1432676e-01   1.3333873e-01   7.3719808e-02  -7.6886064e-01   1.1415450e+00
   2.0000000e+00  -6.8340400e-01  -1.1005029e-01  -1.0643942e+00   3.9230107e-01   1.1219489e+00  -1.2014396e+00  -1.5666046e+00   1.1262729e+00   8.3557632e-01  -2.8484863e-01
   1.0000000e+00   1.0342096e+00   5.9297610e-01   1.6746152e+00   1.8297451e+00   7.1259614e-02  -8.7033772e-01  -6.2109994e-01   5.8404138e-01   7.6561758e-01   1.6239256e+00
   2.0000000e+00   8.9972410e-01  -2.0469548e+00   6.7427886e-01   1.6811135e+00  -6.8266817e-01  -9.6200853e-01   1.0394362e+00  -3.0865304e-01  -1.6911843e+00  -6.6989814e-01
   1.0000000e+00  -2.5667803e-01   1.6843911e-01  -9.3533203e-01  -9.2990974e-01   7.4004039e-01   2.8541339e-01  -3.2460433e-01  -1.5417616e+00  -1.6520661e-01  -1.3115741e-01
   2.0000000e+00   5.5364178e-01   8.6333397e-01   1.8153734e-01  -4.3066937e-01  -9.9955110e-01  -1.2374785e+00   8.8589112e-01   6.6472606e-02  -2.4419713e-01  -3.8188629e-01
   1.0000000e+00   7.8080556e-01  -8.5448908e-01   8.3143394e-01   6.9389439e-01   1.3402382e-01  -3.6648785e-02   1.2053206e+00  -6.2877125e-01  -1.9802720e-02  -1.0923871e-01
   2.0000000e+00   1.2384515e+00  -4.4273463e-01   3.0497797e-01   1.3961451e+00  -5.8640365e-01   1.0869225e+00   1.0519037e+00  -1.6767272e+00   1.1411389e-01  -1.4171332e+00
   2.0000000e+00   2.1499062e-02   4.9254331e-01  -3.7483407e-01   4.6407333e-01  -6.7092712e-03  -3.5030848e-02  -4.7066063e-01  -7.3906680e-01   1.4520106e+00  -1.0150213e+00
   2.0000000e+00   5.6299582e-01   4.6056260e-01  -7.3079321e-01   6.6394144e-01  -6.7472405e-03  -9.6686931e-01   1.4281405e+00   1.9765316e+00  -7.9515458e-01   1.5641807e-01
   2.0000000e+00  -9.7261877e-01   2.8007645e-01  -7.6654568e-01  -7.3654983e-01   1.2449424e+00  -6.6467140e-01   6.9653403e-01  -6.7846613e-02  -6.3194600e-01   1.9222162e-01
   2.0000000e+00  -1.7389112e-01  -8.4836650e-01   1.2470584e-01  -1.2516220e+00  -1.1009430e+00   1.8238601e-01  -1.5573874e-01   2.3115997e-01  -4.8252269e-01   1.5639251e+00
   2.0000000e+00   3.2557775e-01   9.3987342e-01  -3.1809452e-01  -1.6826150e+00   2.2973022e-01  -1.4009385e+00  -4.0850004e-01   7.8284184e-01  -7.8463363e-01  -1.3408842e+00
   1.0000000e+00   6.3600191e-01   1.5290676e-01  -6.1390621e-02  -6.6244043e-02   3.3595601e-01   6.6963666e-01  -1.1816590e+00   3.6905426e-01   4.3135421e-01  -4.2465461e-02
   2.0000000e+00  -3.0394703e-01   1.8393222e+00  -7.8845965e-01   1.1902082e+00   1.4842164e+00  -3.4341890e-01   4.8799884e-01   3.3471811e-01  -4.8762258e-01  -2.6104864e-01
   1.0000000e+00   2.6477283e-01  -1.3232156e+00   4.4373274e-01  -6.6317690e-02   9.5148205e-02  -7.8088529e-02  -1.6768786e+00  -9.0098816e-03  -3.4140854e-01   1.5086564e+00
   2.0000000e+00  -7.6575429e-01  -6.8990134e-02   5.2380011e-02  -1.1697958e+00  -2.4273025e-01   3.1538151e-01   3.7990813e-01   2.2301920e+00  -2.2271935e-01  -4.6394186e-01
   2.0000000e+00  -6.2492023e-01  -1.9804563e+00  -1.8711849e+00  -2.4150929e-02  -1.8894784e+00  -2.1732555e+00  -6.8106490e-01   2.0675259e-02  -4.7110108e-02  -2.6652480e-01
   2.0000000e+00   6.3499638e-01   6.2896080e-01  -2.2569496e+00   2.7226960e+00  -5.6209663e-02  -1.2881055e+00   1.0826949e+00   1.0797988e+00   4.1624859e-01   7.6689093e-01
   2.0000000e+00   6.0949319e-01   2.6429097e+00  -4.5165058e-01   1.3177271e+00  -4.0425132e-02  -8.1851897e-01   2.9830450e-01  -4.7041992e-02   2.3755907e-01   1.0210605e+00
   2.0000000e+00  -5.3390762e-01  -2.9554628e-01   6.1142215e-02   1.4799580e+00   1.9045773e+00  -4.1719204e-01  -1.1922969e+00   1.1142034e+00   3.3295378e-01   1.2691194e+00
   2.0000000e+00  -4.3338242e-01  -6.9990437e-01   1.4574708e+00   1.5259764e+00   6.7075782e-01   1.5010890e+00  -1.6347980e+00   5.7375021e-01   1.8802591e+00   5.8984620e-01
   2.0000000e+00   7.1913626e-01   1.5129945e+00   2.5519485e-01   1.8046037e+00   1.3616394e+00  -1.0613271e+00   2.1761006e-01  -1.2316268e+00  -2.9920006e-01   1.5995576e+00
   2.0000000e+00  -2.2010407e-01  -1.4919257e+00   7.0337604e-01  -1.0098164e+00  -2.6130637e-01  -2.1822325e-01   1.8892583e+00   1.3640113e+00   9.3602629e-01   3.7871877e-01
   2.0000000e+00   1.9791601e+00   1.3961924e-01  -1.9720440e-02   1.9844816e-01   1.9908831e+00   1.4325097e-01   6.5470161e-01  -2.3012802e+00   1.2873446e+00   3.3201569e-01
   2.0000000e+00  -1.4338498e-01   8.7718134e-02   4.5338677e-01   2.2617308e+00   9.1853935e-01   3.6882346e-01  -2.0393635e+00   1.6755812e+00  -8.9863861e-02  -1.6644424e+00
   2.0000000e+00  -1.1098411e+00  -1.7511021e+00  -1.1260340e+00   1.3490178e-01  -1.9954262e-01  -8.6155162e-01   1.5070925e+00  -2.3130176e-01  -5.8854560e-01  -3.3859001e-01
   2.0000000e+00  -1.0852046e+00  -1.3565865e+00  -1.6093773e+00   6.2764605e-01  -5.8767722e-01   1.1453947e-01   4.6975051e-01   5.1140594e-01   7.3719092e-01   6.4449530e-01
   2.0000000e+00   7.2760930e-01  -7.7304040e-01   2.7820011e-01  -8.2439474e-01  -1.5709997e-01  -1.4636847e+00   1.6006095e+00   5.4086551e-01   1.0651618e+00   1.3859691e+00
   1.0000000e+00  -2.6445064e+00  -1.6683530e+00  -3.7410060e-01   4.8485319e-01   2.0041880e-01  -8.7960577e-02   1.5648594e+00   2.4850772e-01  -1.2220263e+00   8.6712378e-02
   2.0000000e+00   1.1934149e-01   8.1998697e-03   3.3954677e-01  -7.2222260e-01   6.6372502e-01   1.1722089e+00  -7.4582745e-01  -1.2543451e+00   1.2057375e+00  -6.4483353e-01
   2.0000000e+00  -1.2799045e+00  -1.6408045e-01   1.2693283e+00   2.1694231e-01   2.3041436e-01   1.9911390e+00  -4.8617167e-01  -2.5655667e-01  -1.3677253e+00  -1.2196990e+00
   2.0000000e+00  -1.7480216e+00   2.6763804e-02   3.3248713e-04  -1.8037414e+00   1.7651052e+00   4.3903641e-01   1.2697825e+00  -1.8246744e-02  -6.9409900e-01   6.6544936e-02
   2.0000000e+00  -1.7564908e+00  -4.8530292e-01  -6.4971516e-01  -5.0930210e-01  -1.2060367e+00   4.9950420e-01  -5.3911269e-01   6.3312734e-01   8.7643217e-01  -5.4027432e-01
   2.0000000e+00  -8.3643409e-02  -1.0436111e+00   1.5997637e+00   1.0766628e-02  -7.1135963e-01   5.3123553e-01   1.0158249e+00  -2.3278161e-01  -3.7517345e-01   1.0837538e+00
   2.0000000e+00   6.8406170e-01  -9.6643476e-01  -1.0679158e+00  -1.1751009e+00  -1.4739258e+00  -3.4890066e-01  -1.4250329e+00   3.9510524e-01   1.0172744e+00  -7.8538037e-01
   2.0000000e+00   3.0137285e-01   1.2361595e-01   5.9143488e-01  -4.5282610e-01  -1.0405755e+00   3.8668077e-01   1.1617425e-01  -4.2205664e-01   3.6430708e-01  -2.0733514e+00
   2.0000000e+00   4.6173501e-01   4.8843986e-01  -6.6066673e-02  -9.5766132e-01  -4.4667703e-01   1.6070249e-01   6.2644181e-01  -2.2865133e-01   2.9902851e-01   1.2084179e+00
   2.0000000e+00   2.0506952e+00  -6.3198360e-02  -7.5160563e-01  -2.0254939e-02  -1.1271523e-01   3.5909602e-01   1.6083141e+00  -2.0529728e-01   1.8012359e+00  -9.9759569e-01
   2.0000000e+00  -8.1429725e-01   8.8550146e-01   4.7399002e-01   1.8580955e-01   1.7353038e+00  -1.5680813e+00  -4.7981378e-01   1.0812587e+00   7.8127729e-01  -3.3521050e-01
   2.0000000e+00   9.6771455e-03   5.1353934e-01   8.9197217e-01  -9.4905119e-01  -4.3360851e-01   1.2531202e+00   7.6492411e-01   1.0589514e+00   2.7994314e-01   1.2558755e+00
   2.0000000e+00  -9.5704071e-01  -4.0366096e-01   5.7185461e-01   9.0454258e-01  -1.5449645e+00  -1.4440540e+00   2.8856583e-01  -3.1111087e-01   1.1849222e+00  -2.3968812e-01
   2.0000000e+00   1.2573505e+00  -2.3182162e-01  -1.0168457e-03  -1.5324452e-01  -6.1843443e-01   6.5497291e-01   5.7150968e-01  -1.8272945e-02   3.0892674e-01  -1.4357047e+00
   2.0000000e+00  -4.8063717e-01   9.0650301e-03   1.0491110e+00   8.9956590e-01  -8.2484705e-01   1.5307377e+00   6.8712172e-02   3.9303789e-01   1.5399549e+00  -4.4147860e-01
   2.0000000e+00   5.1245834e-01   2.9231258e-01  -1.4675514e-01  -7.0841303e-01   2.1376450e-01   2.0942901e+00  -2.6406921e-01  -1.0647478e+00  -7.6516843e-02   1.5258736e+00
   2.0000000e+00   3.5199262e-01  -1.7494575e+00  -2.3573058e+00  -4.3392036e-01  -1.4570522e+00  -5.0976611e-01  -4.0441639e-01  -5.2057132e-01   6.7809162e-02  -2.1608563e+00
   2.0000000e+00   7.9935991e-01  -6.0738933e-01  -5.0679402e-02  -1.6136182e+00   5.1551169e-01   1.8212317e+00  -8.7869333e-01  -3.3322070e-01   7.6951187e-01   7.0865746e-01
   2.0000000e+00  -7.3404787e-01  -8.1994172e-01   6.0050197e-02   1.1728727e+00  -1.6081015e-01   5.7247201e-01  -1.2850578e+00  -1.2996266e+00   1.4735244e+00  -1.4142176e+00
   2.0000000e+00  -1.0652856e+00  -9.9275504e-01   3.1707266e-01  -6.1518052e-01   2.0159866e+00   2.8348560e-01  -5.7649046e-01   2.8111871e-01  -1.9048836e+00   6.7591888e-01
   2.0000000e+00  -6.1382423e-01   8.8039123e-01   6.6052125e-01   1.7106848e+00   1.3695735e+00  -1.4173713e+00  -5.5657519e-01   7.5271628e-01  -5.4019488e-01  -1.1429342e-01
   2.0000000e+00  -1.4962075e+00   3.6031329e-01   1.5018653e+00   3.0908085e-02  -4.6008604e-01  -9.9941815e-01  -1.5936942e+00  -6.6249551e-01   3.4815725e-01  -3.8415146e-01
   2.0000000e+00   7.5950332e-01  -1.4056843e+00  -4.2276019e-01   4.8769143e-01  -2.3946873e+00  -1.0132727e-01   1.6249757e+00  -5.5484614e-01   4.5981087e-01  -2.2621045e+00
   2.0000000e+00  -2.3826488e-02  -4.6898344e-02  -6.9898093e-02  -1.2704943e-01  -1.3028019e+00  -1.5838686e+00  -1.2836700e+00   1.0479304e+00   1.7525405e+00   5.8806100e-01
   2.0000000e+00   3.2972175e-01  -1.7243026e-01   1.3693505e-01  -1.4218929e+00  -1.4593174e+00  -5.6328448e-01  -1.8735173e-01  -1.1594860e+00   5.4432261e-01   2.8088810e-01
   2.0000000e+00  -2.9332728e-01   4.1554918e-01  -8.9257049e-01   1.4392327e+00  -1.8280944e+00   5.9558911e-01  -2.4326824e-01   7.6955361e-01  -1.7469735e-01   4.6569494e-01
   2.0000000e+00  -2.6163314e-01   1.9667472e+00  -2.2112498e+00   1.7230468e-01   1.6400554e+00   9.0950729e-01   2.8806976e+00  -3.0676109e-01   6.1793539e-01  -4.6347562e-02
   2.0000000e+00  -6.3645146e-02  -9.6846056e-01  -5.3897640e-01   1.2111053e+00   4.0143769e-01   3.0073422e-01   1.1036321e+00   4.3254033e-01   1.1539958e-01   2.0127349e+00
   2.0000000e+00  -5.8011871e-01  -6.7255661e-01   4.3057135e-01  -1.0377774e-01   2.0266231e+00   2.7198823e-01   8.2569968e-01   2.1295470e-01   7.7342432e-01   2.2539038e-01
   2.0000000e+00  -1.2572793e+00   6.3983984e-01   1.2621855e+00   6.3349138e-02   1.1020377e+00  -8.1871350e-01  -1.3369579e+00   1.2554391e+00   2.5420573e+00  -1.4237524e-01
   2.0000000e+00   1.2087453e+00  -9.8570832e-01  -1.2928484e-02   8.6852810e-01   1.9104758e-01  -1.6518883e+00  -6.3801080e-01   5.9756041e-01  -3.4611888e-01  -2.4582791e+00
   2.0000000e+00  -5.2923572e-01  -1.0152919e+00  -7.9871885e-01   5.3983548e-01   1.8044701e+00   3.9247620e-01  -6.1889932e-01  -8.1722277e-01   5.6876274e-01  -2.0182423e+00
   2.0000000e+00  -1.5910160e+00   8.3477144e-01   4.7190669e-01   1.1506174e+00   1.0829657e+00   2.5995972e+00  -5.6875732e-01   1.8178217e+00   1.1296680e+00  -3.6961463e-01
   2.0000000e+00   8.1849751e-01   3.9730964e-01   2.6082581e-01  -3.0555755e-01  -7.7198202e-01  -3.2551503e-01   4.7172324e-01   5.3130993e-01  -5.1558368e-01  -1.2805560e+00
   2.0000000e+00   2.2626378e+00   8.8021472e-01   9.1043521e-01   6.8666840e-01   1.9524534e+00  -1.3467173e+00   1.3017066e+00   9.9790878e-01   2.1891205e+00  -3.0467775e-01
   2.0000000e+00   2.5804853e-02  -7.8576678e-01   1.9338452e-01  -1.3604614e+00   1.3494194e-01  -1.4021330e+00  -1.4149883e+00  -1.3032898e-01  -1.3029991e+00  -1.3994030e+00
   2.0000000e+00  -3.4949371e-01  -1.3404334e+00   5.2762862e-01   7.0153373e-01  -1.4444078e+00  -1.1565764e+00  -3.8710907e-01  -6.0252829e-01  -1.5751783e+00   1.1044548e+00
   2.0000000e+00  -2.6553530e+00  -1.7483832e+00   1.1426548e-01   2.5025010e+00   1.2157382e+00  -4.0993208e-01  -4.3141606e-01  -1.0605211e-01   8.3305297e-02  -2.2171743e-01
   2.0000000e+00   4.7675631e-02   1.4343977e-01  -1.4281083e+00  -7.0750411e-01   6.9381594e-01  -1.1757715e+00  -6.4693442e-01  -7.3152626e-01   1.4670722e+00   7.3106974e-01
   2.0000000e+00   5.9985857e-01   5.7311343e-01  -5.6926668e-01  -8.4285483e-01  -1.0993240e+00   6.4917737e-02   5.2616761e-01   5.8362599e-01   2.1550205e-01   9.9049430e-02
   2.0000000e+00   1.0160852e+00   1.7984854e+00   2.0935150e+00  -6.2654029e-01   1.6654379e+00  -9.8643383e-02   7.0763247e-01  -4.1691216e-01   4.5953998e-01   3.2152806e-01
   2.0000000e+00   1.0874562e+00   9.3018793e-01   7.2188775e-01  -8.4690336e-01  -1.5102474e+00  -2.2918148e-01  -6.2634201e-01  -6.9615030e-01  -1.0977025e+00   1.6900561e+00
   2.0000000e+00   4.4767771e-01  -1.4815544e+00  -7.4881044e-01   1.2453051e+00  -5.9315417e-01  -1.3119916e+00   4.6449985e-01  -5.7797622e-01  -3.7838059e-01  -6.1899266e-01
   2.0000000e+00  -1.0662704e+00   4.5377635e-02   1.5302769e-01  -1.1879681e+00  -2.0611569e+00  -2.6293306e-01  -1.1387470e+00   1.5952706e+00   1.1289063e+00  -1.0983727e+00
   1.0000000e+00  -2.0215778e+00   5.5674152e-01  -4.8770905e-01  -4.5848597e-01   4.5545464e-01   6.1835228e-01  -1.0897393e+00  -9.3032022e-01  -1.4645191e+00   6.4983961e-01
   1.0000000e+00  -3.5621271e-01   1.9281214e+00  -1.0857308e+00  -1.8512476e+00   9.3595530e-02   7.1988675e-01  -1.5210564e+00   1.9324871e+00  -5.9227278e-01  -6.6340636e-01
   2.0000000e+00   2.4801146e-01   7.7532879e-01   6.6502638e-01  -4.4663918e-01  -1.9372635e-01  -1.6205221e+00  -4.9544508e-01  -1.1980493e-01  -8.2824900e-01   5.3180592e-01
   2.0000000e+00   8.1960183e-01  -1.6227141e+00  -5.3998918e-01  -6.0926603e-01  -2.0473223e-01   1.4105324e+00  -4.7173173e-01  -8.9455890e-01  -2.3883605e+00   1.4288913e-01
   1.0000000e+00   1.1205128e-01   1.1827736e+00   9.8196208e-01   1.6222846e+00   2.1014537e-01  -2.2145662e-01   2.0862184e+00   3.1832163e-01   6.7398982e-01   9.4204462e-01
   2.0000000e+00  -5.8060575e-01   5.0306156e-01  -2.2926089e+00   1.4441048e+00  -7.5294772e-01   3.3469650e-01   5.7958968e-01  -5.9395427e-01   2.2793927e-02   8.2435276e-01
   2.0000000e+00   1.4086715e+00  -1.0356825e+00   7.6659519e-01   1.4420580e+00  -1.9255240e+00  -8.9498287e-01  -4.9351088e-01  -4.8586558e-01   1.6944654e+00   3.1046211e-02
   2.0000000e+00  -1.3882778e+00   1.6727035e+00   8.5450633e-01  -6.3520951e-01  -2.0857166e-01  -9.7595506e-01  -5.6155869e-01   5.3080434e-01   1.3562684e+00  -6.1678262e-01
   1.0000000e+00   2.0806972e+00  -3.0675972e-01  -2.5338489e-01   7.0537390e-01   3.0918289e-01   5.0543789e-01   4.3534792e-01  -2.3625108e-01  -1.2891760e+00  -8.3713541e-02
   2.0000000e+00   6.7008654e-01  -1.1182798e+00  -6.1707964e-01   3.4340737e-01   1.6707910e+00  -9.4764996e-01  -2.3844451e-01  -1.0979746e-01  -7.9880038e-01   1.8481183e-01
   2.0000000e+00  -1.3865776e+00   2.7018923e-01   1.4591628e+00   8.2921074e-01  -1.7178681e-01   9.1312334e-01  -1.5932257e-01   1.5213754e+00  -1.7796410e+00   6.4511164e-02
   1.0000000e+00   1.3655391e+00   7.9913119e-01   6.0270363e-01  -2.1631239e-01   5.6995567e-01   6.1105252e-01   2.3942700e-01   4.6945326e-01   6.9135470e-01   9.0103316e-01
   2.0000000e+00  -1.6778089e+00   1.0990782e+00   1.2436677e+00  -1.2132432e-01  -3.5241031e-01   8.6318498e-01   3.5466668e+00  -5.0220575e-01  -1.2808949e+00  -2.9490816e-01
   2.0000000e+00  -5.8826137e-01  -2.8221226e-01  -1.3890881e+00   4.0459579e-01   1.6219423e+00  -4.6794626e-01   8.6689279e-01  -2.0513067e-01   1.9626749e-01   6.6789084e-01
   2.0000000e+00  -9.5847657e-02   3.5694880e-01   6.0347922e-01  -2.1510614e-01  -6.8685884e-01  -1.7334131e+00  -2.8297561e-01   1.1466384e+00  -2.9163221e-01   7.2782451e-01
   2.0000000e+00   1.3211603e-01  -4.0026126e-01  -2.1442864e+00  -1.2943589e+00   8.3735140e-02   9.3744680e-01  -7.0352990e-01   3.5390830e-01  -1.5724488e+00   1.6398498e+00
   2.0000000e+00   4.5915582e-01  -8.3955889e-01  -2.9543910e-01   1.0789557e+00   2.1661128e+00  -6.6512758e-01   5.2137256e-01  -1.8654042e-02  -6.2698970e-01  -1.2347943e+00
   2.0000000e+00  -4.0666918e-01   1.0779378e+00  -4.3805591e-02  -7.9854590e-02   1.4059327e+00   1.9440698e+00  -4.7432945e-01  -3.2974748e-01   5.5547812e-01  -2.3649414e-01
   2.0000000e+00   1.6150548e+00   6.7658523e-01  -1.6351397e+00   7.3999641e-01   1.1537857e+00   2.7262123e-01   4.7275742e-01   8.5061007e-02  -4.8331545e-01   7.4145295e-01
   2.0000000e+00   6.6930512e-01   8.3589115e-02  -1.6265277e+00  -1.2972455e+00   6.0336881e-01  -7.8330712e-01  -1.3209441e+00   1.5474220e-02  -4.0813872e-01  -1.6579821e+00
   2.0000000e+00  -7.1383513e-03   7.7978189e-01  -5.3132801e-01  -2.8775773e-01  -1.4145457e+00  -1.8886675e+00   7.0903515e-01   1.6395270e-01   5.0620620e-01   3.4095689e-02
   2.0000000e+00  -1.3569076e-01  -1.3188535e+00  -1.5551612e+00  -1.9952753e-01   1.3205834e+00  -2.0235131e-01   8.1321153e-01  -2.5136278e+00  -1.8462155e-01  -8.3586552e-01
   2.0000000e+00   5.7223774e-02   1.0168891e-01   9.6833774e-01  -1.8197757e-01  -9.5302828e-02   7.4041240e-01  -2.2129726e-01  -6.8005552e-01  -1.0616824e-01  -8.0690731e-02
   1.0000000e+00   1.1230170e+00  -2.4604816e-01   1.4847012e+00   3.1113678e-01   5.2076268e-01  -1.4838744e-01   3.2006775e-01   2.9159393e-01   1.7545299e+00  -5.2191694e-01
   1.0000000e+00   6.8610475e-01  -2.1169920e-02  -1.3989276e+00   6.9978797e-01   5.0576099e-01  -3.6203297e-02  -1.5839230e+00   4.5004670e-01  -5.5804867e-01   1.4939794e+00
   2.0000000e+00  -1.5173020e+00  -1.3506954e+00  -2.4110240e-02   2.7814752e-01   9.9833195e-01  -7.1230427e-02   5.7332373e-01   1.6696758e+00  -7.8817901e-01  -1.0841861e+00
   2.0000000e+00   1.0167439e-01  -1.1313552e-02   2.2382229e+00  -1.6673247e-01   1.8985809e+00  -5.8263650e-01  -8.7695018e-01   2.7162857e-01   4.2383658e-01   9.0844656e-01
   2.0000000e+00   9.4622775e-01  -7.6995224e-01  -4.2829309e-01   7.4873347e-01   1.9087788e+00   7.5469735e-01   9.9522929e-01   6.4610309e-01   1.5696980e+00   2.3465486e-01
   2.0000000e+00   8.0497553e-01   1.3364568e+00   4.9391987e-01   1.9952610e-01  -1.7734911e+00   7.6981426e-01   9.1888034e-02   1.7523245e+00   1.2782034e+00  -1.4241587e-01
   2.0000000e+00  -5.0004853e-01  -3.9220354e-01  -4.7140734e-01   1.8521632e-01   2.4336953e-01   1.5558860e+00   9.1259904e-01   1.9181528e+00  -2.2024611e+00  -5.2322486e-01
   2.0000000e+00   4.9554277e-02  -2.4106586e+00  -1.6953429e+00  -6.3171043e-01   1.3289805e+00   1.8893720e+00  -1.9404829e-01  -1.9652011e+00  -1.4667723e+00   8.9384175e-01
   2.0000000e+00  -1.3342492e+00   8.6731741e-01   4.9850334e-01   2.9458315e+00  -1.2297976e+00   7.7291549e-01  -1.0795874e+00  -3.1103202e-01  -1.5248554e-02   6.5143281e-01
   2.0000000e+00   6.0161479e-01   6.9799948e-02   4.9811837e-01  -3.0696524e-01   1.1288637e+00   2.3447467e+00   6.0236710e-01  -7.5014440e-02  -4.5622179e-01  -1.3921058e+00
   2.0000000e+00   3.5813020e-01  -3.8284251e-01   5.7746089e-01   1.0954246e-01   9.9973673e-01   1.2255248e+00   4.6024230e-01   1.1261251e+00   1.0618549e-02   1.4483972e+00
   1.0000000e+00  -5.5290883e-01  -4.4023947e-01  -1.7188725e-01   1.4819585e-01   4.8380953e-01   4.3927440e-01  -1.1724501e-01   7.7878986e-01  -1.1788277e+00  -6.5048067e-01
   2.0000000e+00  -4.8222327e-01  -3.7434917e-01  -5.1812393e-01  -8.7962815e-01  -1.3553211e+00  -9.5335645e-01  -6.5435590e-01   1.0521111e+00  -1.9579275e-01   3.3520704e-01
   2.0000000e+00   9.7567647e-02  -9.8825398e-01   1.8572175e-01  -3.8011600e-01  -6.5404377e-01   1.6915235e-01   1.4237200e-01   8.2168928e-01   1.5487009e-01  -1.3428571e-01
   2.0000000e+00  -1.5883450e+00  -7.0830425e-01  -7.2647748e-01   5.4730455e-01   1.6069262e+00  -1.5944002e+00  -4.4251354e-01   2.3661639e+00  -1.2929643e-01  -3.6655906e-01
   2.0000000e+00  -1.5537253e+00   8.5715081e-01  -7.8556825e-01   3.6664713e-01   8.6954447e-01   1.0073738e+00  -2.4359138e+00   9.5330535e-01  -5.4507517e-01   4.2975315e-01
   2.0000000e+00   3.5408941e+00   9.3094446e-01   8.1372595e-01  -8.8599191e-01  -7.0090944e-01   6.0121923e-01   5.7624879e-01   9.4128624e-01  -1.4453819e+00  -4.3851600e-01
   2.0000000e+00   2.0248031e+00  -1.7380758e+00  -9.3461480e-01   7.6052488e-01  -7.4118361e-04  -1.3274271e-01   5.6707871e-01  -7.3765384e-01   7.5966797e-01   1.5676497e+00
   2.0000000e+00  -3.4125572e-02   5.1950758e-01  -6.7990490e-01  -2.0914852e-01  -1.8702268e-01   2.4220248e-01   6.3951003e-01   1.2079361e-01   4.5629044e-01   7.0722755e-01
   2.0000000e+00   4.1767207e-01   1.2711587e-01  -2.0511824e-01   1.3453733e+00  -2.6394587e-01   7.7842327e-01  -1.0170790e-01   3.1581198e-01   4.1552749e-01   9.0180971e-01
   2.0000000e+00   1.9550960e+00   7.0598130e-01   1.0605092e+00   4.2609421e-01  -1.2945751e+00   8.8298219e-01  -4.9624892e-01   1.4339407e+00  -2.2400807e-01   1.8578066e+00
   2.0000000e+00  -1.0592827e-01  -1.0398636e+00  -2.1659987e+00   1.7934902e+00  -6.0958435e-01   6.1522600e-01   1.4868245e+00   3.6526493e-02   9.7696947e-01  -6.4794560e-01
   2.0000000e+00   5.6970366e-02   8.7834937e-01  -9.0662741e-01   1.2743712e+00  -3.0373358e-01   6.6912744e-01   1.9139258e-01  -7.1738593e-01   3.8828178e-01   7.8488906e-01
   2.0000000e+00  -7.8755848e-01  -1.1160221e+00   7.7117851e-01   1.1855459e+00  -6.9003465e-01   9.2920287e-01  -1.8653287e+00  -1.2389100e+00  -4.6793016e-01   1.3122595e+00
   1.0000000e+00   1.5442493e-01   1.1144754e+00   1.9094065e+00   4.2635913e-01   4.8218365e-01   1.6261723e-01  -8.2324953e-02  -1.2485442e+00  -4.9045822e-01  -3.6688866e-01
   2.0000000e+00   5.3303769e-01   1.9686251e-01  -1.9297769e-01  -5.3570939e-01  -1.6524939e+00   1.3603713e+00  -1.0927192e+00   1.2651162e+00  -6.2167152e-01  -6.5661077e-01
   1.0000000e+00   1.5561524e+00  -1.3366193e-01   6.9994926e-01   2.8008430e-01   5.1000960e-01  -5.4885785e-01  -5.1223064e-01  -5.5458905e-01  -4.3923264e-01   6.1658058e-01
   2.0000000e+00  -1.5242316e+00  -8.7618957e-02  -1.7734951e+00  -1.7913076e-01  -8.5137320e-01  -5.4490838e-01  -6.3341048e-01   2.4801412e+00  -7.4028097e-01   1.7746638e+00
   2.0000000e+00  -8.8539095e-01   4.9744494e-01  -3.1146685e-01  -2.2447316e-02   9.4913388e-01  -9.7145829e-01  -4.3063093e-01  -6.0543688e-01  -4.0918516e-01  -1.8457586e-01
   2.0000000e+00  -7.7344033e-01   4.7473394e-01   4.5693097e-01   8.1367122e-01   1.6590714e+00   8.3162605e-01  -8.5639314e-01   1.5041094e+00   1.2419509e-01  -2.0670946e-01
   2.0000000e+00   3.1102478e-01   5.0611394e-01  -1.1011603e+00  -5.8429977e-01  -1.3366304e-01  -2.2661353e+00  -8.8952525e-01  -7.1535676e-01   4.9421877e-01  -6.4708331e-01
   1.0000000e+00   8.9140330e-02   9.4683567e-01  -6.5669067e-01   7.6615789e-01   2.2389894e-01  -2.8765331e-01   1.2719169e+00   4.7109812e-02  -3.5406725e-01   1.9076077e+00
   2.0000000e+00  -1.2106577e+00   5.2794681e-02  -4.2526480e-03   6.9694768e-01   4.0338622e-01  -1.2403414e+00   1.1968734e+00  -2.0608275e-01  -1.4307648e+00  -2.6911047e-01
   2.0000000e+00  -3.8268484e-01  -6.1166616e-01   1.8206093e+00   1.1605326e-01   1.1353733e+00   7.9845001e-01  -1.9594991e+00   1.2640305e-01   5.0416392e-01  -1.0908477e+00
   2.0000000e+00  -5.4324467e-01  -3.9774423e-01   7.5848041e-01   5.9331809e-01   5.3288305e-01   1.1908639e+00   1.8973866e-01  -1.0302290e+00  -1.3740021e-01   1.0583766e+00
   2.0000000e+00   7.1258846e-01   1.7949178e+00   1.5222858e+00   1.5664477e+00  -1.2270844e+00  -4.3329404e-03   4.6525183e-01  -9.4329986e-01   7.8932046e-01   9.5919209e-01
   2.0000000e+00  -1.1720728e+00   9.3468327e-02   1.3166540e+00   1.9792002e+00  -2.1003635e+00   1.4134630e+00  -1.4271481e-01   2.6618014e+00  -2.4311339e-01  -4.2750852e-02
   2.0000000e+00   1.9420586e+00  -1.4469248e-01   1.0789515e+00   4.3745261e-01   5.7404358e-01   7.2281879e-01  -8.4842307e-01   1.8513079e+00   9.7670962e-02  -9.8137825e-01
   1.0000000e+00  -1.2242674e-01   1.3378964e+00   5.5623846e-01  -2.6483023e+00   3.5318033e-01   1.3174535e-01   1.6795623e+00   8.1198598e-01  -1.2088613e-01  -2.5200136e-01
   2.0000000e+00   4.4660615e-01  -4.3811344e-01  -5.0619782e-01  -1.4209771e+00   7.5270482e-01   1.1445352e+00  -1.0485281e-01   9.7492579e-01  -2.1281667e+00  -1.8160452e+00
   2.0000000e+00  -3.7131305e-01   2.8659284e+00   7.5836871e-01   1.0229133e+00  -1.1547127e+00   1.2170142e+00  -8.8182373e-01   6.2770150e-01  -1.7245029e+00   6.0166112e-01
   1.0000000e+00   8.0602061e-01  -5.0519620e-01   6.6083644e-01   1.9361655e-01   6.3016267e-02  -1.9373983e-02  -1.2829477e+00   2.9572759e+00  -9.7405967e-01   1.4562521e+00
   2.0000000e+00  -8.2791280e-01   1.8510892e-01   1.1707777e+00  -1.6117987e+00  -1.8915534e+00  -5.2691732e-01  -1.5344099e+00   4.7137069e-02   1.0579877e+00   1.2896259e+00
   1.0000000e+00  -6.7449355e-01   3.1884953e-01   4.5840316e-01   7.8697598e-01   8.2958558e-01  -2.4373330e-01  -5.2937637e-01  -5.2908431e-02   6.1439686e-01  -3.7204469e-01
   2.0000000e+00  -1.1546676e+00   1.4571962e+00   3.2218235e-02  -4.8153453e-01  -7.7539922e-01  -8.6051281e-01  -2.2179829e+00  -2.4165397e+00   8.8573255e-01   2.5645719e+00
   2.0000000e+00   9.0394270e-01   6.1475640e-02  -8.8678174e-01  -9.7030372e-01  -7.2909978e-01   9.6070367e-01   7.3293339e-01   1.5568766e+00   5.4112774e-01   3.1233103e-01
   2.0000000e+00   4.1953898e-01   9.8424417e-02   1.0162772e+00  -1.6062059e+00   9.2743422e-01  -1.8169315e+00   1.5746623e+00   8.2514490e-01  -8.5720656e-01  -7.2125422e-01
   2.0000000e+00  -8.9764331e-01  -1.5775852e+00  -6.9347116e-01  -3.4180116e-01   4.1098545e-01   1.3227997e+00   1.4059864e+00  -5.2272375e-01   1.6281718e+00  -1.7353257e+00
   2.0000000e+00  -2.9293446e+00  -7.1492427e-01   1.7705345e+00   7.1713573e-01   5.4233260e-01  -1.6425371e+00  -7.7393350e-03  -9.0409079e-01  -1.3925605e+00  -3.9090625e-01
   2.0000000e+00  -8.0711067e-01  -2.4159503e-01   1.7110148e+00  -4.0658862e-01   1.1988578e+00  -1.1686528e+00  -3.3473802e-01   3.5971927e-02   2.8810492e-01  -1.9603202e+00
   2.0000000e+00   3.3630998e-01  -8.5525764e-01   7.5856845e-01   8.1154445e-01  -1.7931834e-01   6.5504644e-01  -1.1317181e-02   1.7019973e-01   3.5580186e-01  -1.2857221e+00
   2.0000000e+00   6.1119885e-01   1.6498995e+00   3.9797730e-01  -2.9210800e+00  -8.3010903e-01  -3.6954043e-01   1.4902359e+00  -2.0478274e-01  -2.7660720e-01   3.9162911e-01
   2.0000000e+00  -1.6870144e+00   9.1038830e-01  -1.1248223e+00   1.2468049e+00  -1.7019668e+00  -9.3135012e-01   1.3876116e+00  -5.3154702e-01   6.7768789e-01  -4.8766389e-02
   2.0000000e+00  -9.8925422e-01   1.4993050e+00  -8.7343597e-01   1.6082416e+00  -1.4521821e+00  -5.6087010e-01  -1.2506734e+00   3.6813348e-01   6.2747322e-01  -1.0839858e+00
   2.0000000e+00  -7.1926095e-01   1.1123883e+00   1.4989430e+00  -5.9040662e-01   6.7698764e-01  -6.0606053e-01   5.6792248e-01  -1.2194673e+00   1.4685690e+00  -7.8694883e-01
   2.0000000e+00  -1.7618268e+00   1.7509816e+00  -2.7301125e-01   1.8349692e+00   1.8605421e-01   1.3144259e+00   1.4593810e+00  -5.4594680e-02   5.4243759e-01  -6.3307133e-01
   2.0000000e+00  -1.4432990e+00  -1.1644175e+00   8.1493800e-01   2.5495213e+00  -6.4887338e-01  -1.4643851e-01   2.7679318e-01  -5.8122205e-01  -1.4023568e+00  -5.0878489e-01
   1.0000000e+00   8.1683123e-01   5.2527939e-01   2.2298949e-01  -1.0563912e+00   2.9943002e-01  -1.9692455e-01   2.6170676e-01   7.7725548e-01  -7.8493429e-01   3.4356110e-01
   2.0000000e+00   2.1897576e-01  -1.6839026e-01  -6.5238096e-02   5.1353248e-01  -4.7460584e-01   2.3404436e+00  -2.2697439e-01  -8.2883232e-02   7.6776581e-01   8.7681158e-01
   2.0000000e+00   6.2623623e-01   6.3338956e-01  -5.0605434e-01   1.0335777e+00  -1.2255946e+00  -1.9614295e-01  -4.4206437e-01   4.6351862e-01   5.9516011e-01   1.8112878e+00
   2.0000000e+00  -1.9798000e+00   5.1734986e-01   3.6000742e-01   1.6707850e+00  -4.1005208e-02   1.3990045e+00  -5.0517781e-01  -1.6499885e+00   5.1561756e-01  -1.0625408e+00
   1.0000000e+00  -2.1849919e+00   7.6752605e-01  -2.6014476e-01   6.8968224e-01   4.5629452e-01  -5.4754413e-01   2.3999761e+00   1.7366441e+00   7.9515764e-01  -3.6820375e-01
   2.0000000e+00  -6.0597991e-01  -3.4184507e-01   9.1046469e-01  -7.9764568e-01   9.0353253e-01   1.0010935e+00   1.3317579e+00  -2.0165259e+00   3.1694890e-01   6.4630900e-01
   1.0000000e+00  -6.3387911e-01  -2.8245399e-01  -1.7494373e-01  -8.7190259e-01   1.1909722e-01   7.2541914e-01  -8.5024785e-01  -5.8638592e-01  -3.0905829e-01  -6.9502298e-01
   2.0000000e+00   9.2467741e-01   1.9631331e+00   1.5840703e-01  -1.7257070e-01  -3.7497572e-01  -1.2443739e+00  -8.9860930e-01  -1.7500744e+00  -2.7711652e-01  -2.7288628e-01
   2.0000000e+00  -8.2233909e-03  -1.4206566e+00   1.3614631e-02   2.8598998e-01  -6.1758660e-01   1.5671817e-02   1.2976289e+00   1.3677824e+00  -1.4122080e+00   1.1895774e+00
   2.0000000e+00  -3.0504212e-01  -1.9175013e-01  -5.3570122e-01   1.6663393e+00   9.3429746e-01   1.2278016e+00   9.4369434e-01  -4.1077631e-02   1.5682277e-01   1.3729921e+00
   2.0000000e+00  -2.2297140e-01   4.0444191e-01  -8.0850594e-03   6.0915170e-01  -1.4842444e+00  -1.5242829e+00   6.4175640e-01   1.9884130e-01  -2.8383040e-01   6.6444505e-01
   2.0000000e+00  -1.0514958e-01  -1.5538766e+00  -7.6430943e-02   4.2866344e-01   2.2469043e+00   7.2630385e-01  -1.0254841e+00  -3.8680736e-01   6.6222338e-01   1.5288105e-01
   2.0000000e+00  -3.3365544e-01  -1.0227420e+00   6.9757960e-01   1.0570390e+00  -2.6236761e-01  -1.0897001e+00  -7.5304220e-01   1.2009805e-01  -1.2842822e+00  -2.1060950e+00
   2.0000000e+00   6.8621445e-02  -3.7152358e-01   9.8671890e-01  -1.2638357e+00   1.0233204e+00   8.0405849e-01  -6.3654144e-02  -1.8311461e+00  -2.5225826e-01   5.7444291e-01
   2.0000000e+00  -6.7539980e-01   1.6124284e-01  -1.6206008e-01   1.2128824e-01  -1.4391243e+00  -1.7882301e+00   1.4082878e+00  -4.0693460e-01   1.1257136e+00   1.2108769e+00
   1.0000000e+00  -2.7203544e-01  -1.1803300e+00   1.0863720e+00   1.6430374e+00   2.6055298e-02   3.2605493e-01  -1.2537752e+00   6.4831138e-01   4.5137692e-01   9.9837150e-01
   2.0000000e+00  -9.9011001e-01   1.8427731e-01   3.7352118e-01   1.4809003e+00   1.4527735e+00  -2.5099704e-01  -3.1788741e-01  -1.0175920e+00   1.5528697e-01  -1.2882908e+00
   2.0000000e+00  -1.5347083e-01   9.9234469e-01   3.5285742e-01   9.3680026e-01   1.3662113e+00  -1.3984485e+00   5.7369417e-01   2.3430807e-01   1.9732574e+00  -1.6930159e+00
   1.0000000e+00   4.2484215e-01   9.6428090e-03   1.6480702e+00   2.2039442e-01   2.3047075e-02   4.8737027e-01  -4.5204700e-01   8.9292770e-01  -6.9864263e-01  -5.4708953e-01
   2.0000000e+00  -4.4336919e-01  -3.4549885e-01   1.3779679e+00   1.3515675e+00  -2.2015631e-01   5.4994205e-02   9.9182114e-01   7.3996774e-01  -1.8778940e+00   1.3523267e+00
   2.0000000e+00  -5.1873886e-01  -1.1415976e+00   1.8555333e-01   1.0925980e+00   1.2584604e-01   1.2452289e+00   4.1949780e-01   1.0902893e-01  -1.4004280e-01   4.4255844e-02
   2.0000000e+00  -1.3886889e+00  -3.4983767e-01   2.0476924e+00   4.7944273e-01  -1.3119944e-01  -4.3722932e-01  -6.8441152e-01   6.2142533e-01   8.0542173e-01   1.2393751e-02
   2.0000000e+00   1.7517263e-01  -1.6307391e+00   7.2775987e-01  -4.7913370e-01  -6.6191755e-02  -1.2644771e+00  -1.0179465e+00   3.2636640e-01   3.8475500e-01   4.2729147e-01
   1.0000000e+00   7.6025691e-01  -6.8784399e-01  -1.6063034e-02  -6.1781761e-01   4.0857532e-01  -4.2852163e-01  -6.8660669e-02   8.2724446e-02   5.9524919e-01   8.8236919e-01
   1.0000000e+00   6.7808034e-01   4.7714288e-01   4.5656024e-01   1.4143853e+00   3.0339368e-01   5.2342095e-01   1.1869050e+00  -3.9346428e-01   1.5885156e-01   1.3284959e+00
   1.0000000e+00  -6.7481120e-02  -8.6475682e-02   4.9720614e-01  -4.6462191e-01   3.1792371e-01  -6.9455757e-01   1.1413294e-01   1.8247788e+00   5.5705393e-01   1.0589787e+00
   2.0000000e+00  -6.9416217e-02   1.1920793e+00   2.5772845e-01   1.3610913e+00  -9.8376858e-01  -3.5231115e-01  -9.1098421e-01  -3.7880947e-01  -9.9877748e-01   3.8428135e-01
   2.0000000e+00  -1.0532107e+00   2.1929880e-01  -3.7551007e-01  -6.7615306e-01   5.9815203e-01   8.3260027e-01  -9.1056848e-01  -9.0228306e-01   1.4854732e+00   2.8803796e-01
   2.0000000e+00  -9.4874988e-02  -7.1549662e-01   4.6143284e-01  -2.8161891e-01   4.6310054e-01  -1.3329192e+00  -1.0832449e+00  -6.8290346e-01   1.1446389e+00  -1.8288687e+00
   1.0000000e+00   7.7338240e-01   4.1892468e-01  -6.3179988e-01  -2.7415326e-01   3.0476246e-01   7.7628236e-01   1.6041322e+00  -1.4346858e+00   1.0486265e+00  -3.8803487e-01
   2.0000000e+00   1.1235362e+00   2.7614465e-01   4.2288027e-01   1.5264407e+00   9.8789498e-01   1.7459276e-01   1.5367798e+00  -1.8703341e+00   1.8196732e-01  -3.7980376e-01
   2.0000000e+00   9.0892684e-02  -6.9260149e-01  -1.0808619e+00  -1.1354644e-01   1.7432926e-01   1.2059035e+00  -4.7324045e-01  -7.0009642e-01  -9.5276324e-01   1.6399665e+00
   2.0000000e+00   2.1802211e+00   1.5908668e-01   1.9736323e+00   7.7017899e-01  -8.2175300e-01  -1.6716006e+00   2.8786339e-01  -1.8340365e-01   1.0665731e+00   2.5728272e-01
   2.0000000e+00  -1.1229232e+00  -1.0510376e+00  -9.0999936e-01  -1.1329178e+00  -6.7336392e-02  -5.2647937e-02   1.3623447e+00   1.1018775e-01   2.9533690e-01   1.0669635e-01
   2.0000000e+00   1.7033220e-01  -2.9803769e-01   1.3737660e+00  -1.7003237e+00  -8.0944903e-02  -9.4430369e-01   2.4293166e-01  -8.7554979e-01   4.4116007e-01  -6.5969806e-01
   1.0000000e+00  -8.1144736e-01  -1.5725032e+00  -8.4447193e-01  -5.0316124e-01   1.0930460e-01  -1.0831903e-01  -1.4972098e+00   7.1477145e-01   1.6552661e+00   1.2831533e+00
   2.0000000e+00   2.5313084e+00   3.4959653e-01  -6.9783301e-01  -1.7184871e-01   1.0268933e+00  -1.3145956e+00   6.0430513e-01  -1.0723825e+00  -1.7264003e+00   3.3040949e-01
   2.0000000e+00   1.9694455e-01   4.8137243e-01   5.4926304e-01  -6.4088271e-01   5.7565153e-01  -8.6608842e-01  -1.0433538e+00   1.3518404e+00   6.4844865e-01   6.0278941e-01
   2.0000000e+00  -1.0801183e+00  -6.2480833e-01   1.2935727e+00  -7.2588379e-01   1.3040871e+00  -4.5738282e-01  -3.1270694e-01   5.7681992e-01  -1.6831475e+00   2.5603957e-01
   2.0000000e+00  -7.3576907e-01   1.2159133e-01  -7.3227695e-01   1.2970376e+00  -1.3760290e+00   1.7862101e+00  -1.4179392e-01  -1.4289830e-01  -5.2247011e-01  -1.4247197e+00
   2.0000000e+00   5.0321136e-01  -8.2591081e-01  -1.0174733e+00  -1.1974288e-01  -7.6749566e-01  -1.2589746e+00   8.1146312e-01   6.4971212e-01  -3.7043146e-01  -1.7167878e+00
   2.0000000e+00  -5.1369649e-01  -8.4660156e-01  -1.2248378e+00  -1.6846831e-02   6.0130063e-01  -1.2934724e+00   1.1947104e+00  -1.1098950e-01   2.4302977e-01   2.9575509e-01
   2.0000000e+00  -1.0883321e+00  -5.1115708e-01  -5.0752942e-02   2.8004164e-01  -2.3236308e-02  -1.4739180e+00  -2.1122124e+00   5.1676413e-01  -2.3857304e-01  -1.3745506e+00
   2.0000000e+00  -3.5107006e-01  -2.9269937e-01  -1.4619530e+00   1.6418928e+00   5.2402703e-01   1.7390446e+00  -2.7467008e-01   3.1408460e-01   1.3659125e+00   7.4331823e-01
   2.0000000e+00   6.3316724e-01   4.7568895e-01   1.4763495e+00   5.6574704e-01   1.2610350e+00  -1.5685674e+00   5.8495223e-01   1.9066428e-01   1.3335825e+00  -1.7340114e+00
   2.0000000e+00   1.3169802e+00   1.7197468e-01   2.4787876e+00   6.4121049e-01  -9.5268130e-01   7.6439265e-01  -4.4257128e-01   6.6360338e-01  -1.0843983e+00   1.3648613e+00
   1.0000000e+00   1.3947459e+00  -2.2040991e+00  -8.7310927e-01  -4.4213551e-01   2.6752893e-02   7.8934048e-01  -1.0096763e+00  -8.4685580e-02  -6.2739297e-01  -8.5493261e-02
   1.0000000e+00  -2.1788208e+00  -1.3721079e+00   7.6225740e-01  -1.4787258e+00   4.1108501e-01  -2.7565645e-02   2.2423305e-01   1.4086058e+00  -1.0297944e+00  -1.1423264e+00
   2.0000000e+00  -2.1370809e+00   1.4929497e-01   4.4117552e-01   9.4078141e-02  -5.5406107e-01   1.2839276e+00   3.0232545e-02   5.0111061e-01   8.7784207e-02   1.7608827e+00
   2.0000000e+00   5.8162073e-01  -5.0680124e-01   1.5372599e+00   8.1265522e-01  -4.5729574e-01  -1.5025130e+00   4.5094259e-01  -6.3341377e-01  -1.8921385e+00  -1.0252667e+00
   2.0000000e+00   1.2790201e-02   1.4932914e+00  -3.9232659e-01  -6.6476860e-01   1.3858662e+00  -6.7561309e-01   3.8444552e-01  -1.7128633e-01   2.9052814e-01  -9.0528041e-01
   2.0000000e+00  -5.7040445e-01  -1.1992829e+00   1.5266914e+00  -8.2474707e-01   1.9442879e+00   1.4564053e+00  -7.7371399e-01   1.4786991e+00  -7.5526962e-02   7.0829600e-01
   2.0000000e+00   1.5156677e+00  -3.9701596e-01  -9.8928099e-01  -1.6547126e-01   1.4978414e+00   1.1043703e+00  -2.2194860e-01   2.0231801e-01  -9.0803209e-01   7.8733735e-01
   2.0000000e+00   1.1268927e+00  -3.1343986e-01   1.0552829e+00   1.9117691e-01   4.4583421e-01  -1.4373589e+00  -3.5520129e+00  -1.1933079e+00  -1.2523902e-01  -1.1363955e+00
   1.0000000e+00   1.2656978e+00   6.8502579e-01  -4.3478057e-01   8.8689815e-01   2.2665604e-01   8.0702546e-01   1.2732306e+00   4.2822421e-01   1.7199482e-01   3.9181852e-01
   2.0000000e+00  -5.2062061e-01  -5.3115889e-01   2.9881606e-01  -5.0487962e-01  -1.3441007e+00  -3.8429158e-01  -2.0185585e+00  -5.7335216e-01  -1.4999122e-01  -2.3973660e-01
   2.0000000e+00   1.4874750e-01   1.3321970e+00   2.9735852e-01   2.3158299e-01   1.3839044e+00  -7.0462486e-02  -7.3409355e-01   3.4758346e-01   5.0516282e-01   1.7334962e+00
   2.0000000e+00   1.1005132e+00   5.4321486e-01  -4.5239124e-03  -4.5150152e-02  -5.8256467e-01   8.1637816e-01  -9.8080245e-01   1.4971567e+00  -2.1682327e-01  -4.9400048e-01
   2.0000000e+00  -1.5271869e+00   8.9998333e-01  -1.1238396e+00  -1.2492782e+00  -5.7321207e-02   1.3232067e+00  -1.7099233e+00  -1.8359477e-01  -4.8541218e-01   1.4273534e+00
   2.0000000e+00  -9.7635529e-01   7.3188022e-01  -7.4673266e-01   7.4380321e-01  -1.5861254e+00  -4.0370538e-01  -6.9045938e-02   6.4470643e-01  -2.1055951e+00  -2.1122400e+00
   2.0000000e+00   1.8535758e-01   4.5480306e-03   1.5672313e+00  -3.8912628e-01   7.4262623e-01  -1.1916031e+00   1.0086343e+00  -6.2137950e-01   5.2778303e-02   1.0621810e+00
   2.0000000e+00  -7.7895961e-01   1.1396298e+00   2.4138966e-01   5.4677515e-01  -1.1979797e-01  -1.9070123e-01   4.5292189e-01   3.2218337e-01   6.4288382e-01   2.5939704e-01
   1.0000000e+00  -6.4553484e-01   9.8985154e-01   1.6625693e+00  -1.8670418e+00   6.8443787e-01  -3.8049922e-01   1.1421636e-01   6.7515793e-01  -1.4141718e-01   1.1400534e+00
   2.0000000e+00   2.0606165e+00   1.9911300e+00   1.0692711e+00   7.5320199e-01  -1.2866780e+00  -3.4235506e-01  -1.7499617e+00   1.2333683e+00  -1.2576019e-02   2.3600437e-01
   2.0000000e+00   1.7706009e+00  -9.0943245e-01  -7.1853251e-01   9.1337138e-01  -3.8699051e-01  -9.8601262e-01  -1.3021933e+00  -1.0894159e+00  -5.3521117e-01   1.3306829e+00
   2.0000000e+00   2.2060229e-01   4.4270673e-01  -6.5456312e-01   5.0250104e-01   1.7472124e+00   1.2064604e-01  -7.7883621e-01  -1.9097070e+00   6.2561156e-01   2.5395740e-01
   2.0000000e+00  -4.5625018e-01   6.9975508e-01  -1.1340642e+00  -7.2187298e-01  -8.4391501e-01   1.2180049e-01   2.3773916e-01  -4.1541904e-01  -6.5860106e-01   1.7117255e+00
   2.0000000e+00   3.6165365e-01  -3.4076504e-01  -3.5981467e-01   5.5157045e-01  -1.6739364e+00   5.4846139e-01  -2.3997037e+00   8.4964827e-01  -1.7404370e+00   3.4511365e-01
   2.0000000e+00   2.1457287e-01   1.1543883e+00  -6.1657019e-01   1.1527710e+00  -1.8147115e-01  -5.1558635e-01   1.0654743e+00  -4.4137407e-01   1.8006620e+00  -2.3147379e+00
   2.0000000e+00   6.6957672e-01  -7.0658811e-01  -2.2784891e+00   5.5533603e-01   1.6115021e+00  -9.1010772e-01   1.5495486e+00   3.5232144e-01   5.4362795e-01  -5.0524909e-02
   2.0000000e+00   3.6801375e-01   1.1285406e+00  -2.5380354e+00   7.0922691e-01  -6.8115184e-01  -4.6991099e-01  -6.5563751e-01  -1.1112955e+00  -5.0008551e-01  -8.9795717e-01
   1.0000000e+00   4.4344764e-01   9.3264071e-01   9.6886798e-01  -4.0286257e-01   3.6488181e-01   2.9665556e-01  -1.3940437e+00  -1.0246767e-01   8.1597013e-01  -1.1922630e+00
   1.0000000e+00  -2.6063160e-01  -4.0806155e-01   6.2027900e-01   7.6018101e-01   5.3860919e-01  -2.5133833e-01   1.0898197e-01   4.0660491e-02  -2.3984874e-01  -6.2686502e-01
   2.0000000e+00   7.8563804e-02   2.5457027e+00   1.5474907e+00  -5.8724463e-01   7.4532184e-01  -2.2217348e+00  -9.1411290e-01   7.2751563e-01  -4.5200126e-01  -5.2415573e-01
   2.0000000e+00   6.7076154e-01   1.0009182e+00   7.8621221e-01  -3.0616555e-01  -5.2183595e-01  -6.8956004e-03   5.7049439e-01  -2.5214555e-01  -7.2693653e-02   1.2440623e+00
   2.0000000e+00  -7.7279730e-01  -2.3760414e-01   2.2839331e+00  -8.7185173e-01   1.8748532e+00   1.4974038e-01  -9.4385071e-01   1.4357725e+00  -3.2115040e-01   1.0184572e+00
   2.0000000e+00   3.7545326e-02   6.2287068e-02   7.3734237e-01  -5.7206789e-01  -1.0480270e+00  -6.8103122e-01  -6.6864642e-01  -1.2733735e-01   1.6943696e+00   5.9808809e-01
   2.0000000e+00   1.0138470e+00  -3.8790449e-01  -3.9995956e-01  -1.7281522e-01   8.7211092e-01   7.8920237e-01   1.6385867e+00   4.8593091e-01   6.7180392e-01  -5.8176604e-01
   1.0000000e+00   8.6107816e-01  -1.1618195e+00   1.0249045e+00   8.8362974e-01   3.8474117e-02  -5.7821622e-01  -2.1616084e+00  -7.8128788e-01   4.9868056e-01  -1.1175114e+00
   2.0000000e+00  -6.7965529e-01  -1.9374784e+00   7.0606032e-01  -7.3213660e-01  -6.0196303e-01  -7.3501588e-01  -7.5535745e-01  -4.2804231e-01   3.3759508e-01   1.4807324e+00
   2.0000000e+00   3.0275435e-01  -5.2431237e-01   2.0296158e-01   2.3676823e-01  -1.0316310e+00   2.5270701e-01   4.6102060e-01   3.0153440e-02   6.0661785e-01   3.6918691e-01
   2.0000000e+00   3.6673294e-01  -1.5968606e-02   6.4366387e-01   5.4055489e-01  -5.8548121e-01  -1.3920826e-01   6.7988883e-01   1.3084533e+00   5.6377612e-02   7.6544717e-01
   2.0000000e+00  -2.4846941e-02   4.3917982e-03  -1.0997288e+00  -3.5000567e-01  -1.9587076e-02  -7.7712042e-01  -1.1531497e+00  -8.8405688e-01   8.5523046e-02   1.2841792e+00
   1.0000000e+00   6.9495275e-01   6.6537937e-02  -1.0436459e+00   4.8810191e-01   5.1513512e-01   2.9552689e-01   4.7334401e-01  -3.7930971e-01  -8.9947563e-01   1.3441007e+00
   2.0000000e+00  -7.5774791e-01   5.0334690e-01   2.0532337e+00   8.9687422e-01  -1.4442400e-01   9.6238271e-01   1.5371961e+00   1.1169961e-01   8.4572998e-02  -4.3970260e-01
   2.0000000e+00   1.8126212e+00  -5.1746864e-01  -1.0159821e+00   6.5318661e-01  -3.0711110e-01   9.8255420e-01  -1.7901252e+00   3.1169711e-01   1.5989287e+00  -9.2604868e-01
   2.0000000e+00  -1.2982334e+00   1.0054810e+00   1.3793075e+00  -3.6954910e-01   4.9429520e-01  -1.2325105e+00  -1.3039340e+00  -8.8858880e-01  -1.2330695e+00  -7.5482426e-02
   2.0000000e+00  -1.6164232e+00   7.7223365e-02  -1.1202889e-01  -5.1011931e-01  -2.1379875e+00   1.2265369e+00  -1.1038736e-01  -2.5058490e-01  -6.7378930e-01   1.6182323e+00
   2.0000000e+00   4.6359931e-01   6.1485138e-01   5.8412927e-01  -3.3228878e-01  -8.6823792e-01   1.2869143e-01  -1.9289904e-01   1.9808436e-01  -4.0476980e-01   8.0221044e-01
   1.0000000e+00  -6.2215969e-01   1.3811110e+00   5.3016684e-01   6.8591751e-01   6.2524604e-02  -4.7354380e-01  -1.9587273e+00   1.0658878e+00   9.8302351e-01   9.2908548e-01
   2.0000000e+00  -9.0338936e-01   1.9003182e+00   3.4674755e-01  -2.1526034e-01  -5.3892623e-01   7.5980932e-01   2.1692408e+00   2.1807260e+00   2.9985749e-01  -4.3432767e-01
   2.0000000e+00   2.7058733e-01  -1.0022263e+00   1.2738137e+00  -3.2526815e-01  -9.2671782e-01   7.4162293e-01  -3.7125049e-01   2.9832557e+00  -2.1011403e+00  -1.2705080e+00
   2.0000000e+00   2.8260029e-01   2.0851736e+00  -2.8117848e-01   1.1488554e+00   1.4374714e+00   5.9295626e-01  -8.1210059e-01  -1.2252163e+00  -2.4565067e-01  -1.0377808e+00
   2.0000000e+00  -1.5627619e-01   1.6247480e+00  -8.7647645e-01   3.7466987e-01   5.8711420e-01  -7.8640270e-01  -2.6084061e+00  -3.6385442e-02  -3.5457973e-01   1.7238164e+00
   2.0000000e+00   5.7651821e-01   1.4414223e+00  -1.0161018e-01   1.5366480e-01   1.7367731e+00  -4.0220763e-01  -3.0229541e-01  -6.5993369e-01   9.2797037e-01   1.1607844e+00
   2.0000000e+00   2.9885648e-01  -5.9985524e-01  -6.5235876e-01   9.3393691e-02  -7.5094964e-01   1.5277099e-01   3.1716621e-02  -1.7477175e+00  -1.3837355e+00   1.7852983e-01
   2.0000000e+00   4.1158944e-01   1.1239689e+00   8.4435107e-01   5.2032330e-01  -1.1820297e+00   3.4155100e-01  -8.2117864e-01   7.4890574e-01  -1.2047457e-02  -4.5516990e-01
   2.0000000e+00  -1.5964303e-01   2.2640983e+00   5.1999392e-01  -4.8550508e-01   1.4233428e+00  -1.1781823e+00   1.8890254e-02   1.4202949e+00  -1.6827988e-01   3.1181887e-01
   2.0000000e+00  -1.0417865e+00   2.9538871e-01   8.4910722e-01  -4.2676076e-01  -5.8327180e-02  -3.0924129e-01  -6.2195618e-01   3.0026874e-01   8.8504936e-01  -1.8704714e+00
   2.0000000e+00   1.7108683e-01   2.4784961e-01  -1.6248030e-01  -1.1700500e+00  -2.3867915e-01   1.5678024e+00   2.9793590e-01  -1.1411387e+00  -1.4655458e+00   6.9525760e-01
   2.0000000e+00   1.0672286e-01  -1.8596592e+00   1.9000213e+00   1.5950965e+00   1.1512730e+00   1.2453884e+00   8.9411196e-01   9.2731912e-01  -3.1840740e-01   7.9759483e-01
   2.0000000e+00   8.5184798e-01  -1.9061776e+00  -2.6249562e+00   9.9886725e-01   1.2045746e+00  -1.8851474e-01  -8.2672445e-02   5.9078591e-01   1.8639161e+00   6.8399050e-01
   2.0000000e+00   2.8571097e-01  -8.6035884e-01  -1.1722135e+00   7.5905415e-01  -5.9228636e-01   1.0258517e+00  -6.7428608e-01  -9.4240915e-01  -8.3855006e-01   3.7128923e-01
   2.0000000e+00   6.0943134e-01  -3.2076243e-01  -1.2508734e-02   4.3940656e-01  -7.2991717e-01   1.1330076e+00  -9.7413496e-02   2.4912633e+00  -1.3308007e+00   1.1293542e+00
   2.0000000e+00   2.7629348e+00  -6.2019801e-01  -5.2968036e-01   1.4448558e+00  -5.2663728e-01  -1.0484880e+00  -2.5857917e+00  -2.1114643e+00   9.8420908e-01  -6.3769642e-01
   1.0000000e+00   1.9149405e-01  -4.7653872e-01   1.9134799e-01   1.2694379e+00   2.6868615e-01   2.7334981e-01  -6.3011566e-01  -1.1010773e+00   9.4033471e-01   1.6361463e-01
   2.0000000e+00   1.6419681e+00  -1.1980221e+00   2.6784713e+00   9.5962878e-01  -2.1965912e+00   5.1157900e-01   7.6523403e-01   7.3978111e-01   1.4682646e+00  -4.4197994e-01
   1.0000000e+00   1.1335707e+00   2.4687701e-01   2.0112519e-01  -2.4285603e-01   6.3093653e-01  -8.0129518e-02  -2.5152175e-01   1.4538143e+00  -1.3659356e-01   6.5171459e-01
   2.0000000e+00   7.3091345e-02  -1.1209769e+00  -1.5389476e-01   4.2430852e-01   1.0566196e+00  -1.4551724e-01  -7.4380492e-01   2.7764388e-01  -1.3929290e+00  -9.5743400e-01
   2.0000000e+00  -1.7405445e+00  -1.5730242e+00  -1.6192726e+00  -1.1546701e+00   8.3711206e-01   1.7224507e+00   1.4167011e+00  -3.3004949e-01   1.3075021e+00   1.1131046e+00
   2.0000000e+00   1.9260699e+00   6.9281778e-01  -1.2882051e+00  -1.2042874e+00  -1.5276831e-01   6.2113197e-01   7.0476412e-01   7.7344601e-01  -7.1452427e-01  -1.3278043e-01
   2.0000000e+00   3.7338417e-02   3.4368339e-01   3.8962546e-01   1.3831059e+00   3.2545728e-01   9.8817666e-01   7.9451571e-01  -1.5191057e-01  -3.9601941e-01  -1.6361537e-01
   2.0000000e+00   1.3361345e+00   4.2630334e-02  -1.9443294e+00  -5.2501620e-01  -1.9520690e-01  -2.0553070e-01   2.7919642e-01   3.1902198e-01   6.8815611e-01   2.9255149e+00
   2.0000000e+00   3.6996587e-01  -1.7980969e+00  -4.5932202e-01   6.7182021e-01   5.1457215e-01   9.2886669e-01  -9.5204226e-01   1.7870634e+00  -1.2582050e+00   1.7467352e-01
   2.0000000e+00  -1.2341744e+00  -1.0543016e+00  -5.2785682e-01   4.5111634e-01  -7.0681639e-01   1.3474467e-01   6.8799031e-01  -1.0247211e+00   1.6994293e+00   1.6932385e+00
   2.0000000e+00   4.9479386e-01  -1.0244027e+00  -6.0366648e-01  -1.1633373e+00  -1.4041321e+00  -3.0152287e-02  -5.2930119e-01  -1.4668459e+00  -3.7022276e-01   3.9005097e-01
   2.0000000e+00   2.0531424e-01  -1.5391599e-01   1.3627520e+00  -4.4887884e-01  -1.6848842e+00  -1.1114708e+00   2.5592632e-01   1.9869080e-01   8.4451714e-01   1.5167223e-01
   2.0000000e+00  -1.5557835e+00   7.6197598e-01   7.4104423e-01   1.7842624e-02  -1.2490244e-01  -5.2001878e-01   1.0644792e+00   1.3921870e+00   7.5903228e-01   5.8251600e-03
   2.0000000e+00   3.4173650e-01  -6.5401357e-01  -8.7049317e-01  -5.1457327e-02   1.6879756e-01  -1.6560022e+00  -1.2442634e+00  -1.4554739e-01  -1.0241863e+00   6.3128887e-01
   1.0000000e+00  -2.1811773e-01   1.4361448e+00   5.5170445e-01  -4.2031426e-01   3.6481351e-01  -5.9921761e-01  -5.4987597e-01   5.3730570e-01  -4.5832986e-01  -6.9870204e-01
   2.0000000e+00   1.4565760e+00  -6.8097241e-01  -7.4165582e-01   1.3104922e+00  -2.7072298e-01   4.7400825e-01  -9.1252591e-01  -1.2074730e+00  -7.7440558e-01   8.3704265e-01
   2.0000000e+00   1.8257791e-01   1.2027745e+00  -9.0892324e-01   1.1172762e+00  -9.4086983e-01  -6.2367247e-01   4.6322077e-01   9.0863138e-01   1.5437182e+00  -1.4727969e-01
   2.0000000e+00  -2.4748564e-02  -9.5391889e-01   2.9667018e-01   5.1897560e-01   1.2776912e+00   3.2512129e+00   9.5465686e-01   2.1732679e-01  -6.8417873e-01  -8.6167213e-01
   2.0000000e+00   1.4232403e-02  -6.4986033e-01  -5.0293052e-01   9.4207013e-01  -1.5811370e+00  -1.1694353e+00  -1.1446305e+00  -1.1917659e+00  -1.9958963e+00  -8.7496682e-01
   2.0000000e+00   2.5698071e+00  -1.7174907e+00  -6.0232622e-01  -1.0238392e+00  -1.0751143e+00  -7.1715767e-01   3.1706420e-01  -9.4472633e-02   3.7926784e-01  -9.0429562e-01
   1.0000000e+00  -1.0475756e-01   1.1184359e+00   5.6207072e-02   1.9405363e+00   7.3519580e-01   1.3076501e-01  -1.1603481e+00   8.5853084e-01  -1.2883858e-01   5.4590024e-01
   2.0000000e+00   5.3408315e-01  -5.7903446e-01   3.0368197e-01   6.3375927e-01  -1.8162581e+00  -4.6207401e-01   6.0289247e-01   5.5918615e-01  -1.9446706e+00   2.8954120e-01
   2.0000000e+00   1.6552725e-01   4.7027759e-01   2.4224771e+00   9.4327541e-01  -1.8665362e-01  -1.0145025e+00   2.6566966e-01  -1.7443980e+00  -7.3950720e-01   9.0768206e-01
   2.0000000e+00  -4.4642698e-02  -8.8784242e-02  -2.5172449e+00   1.0908439e+00   6.4987324e-01  -9.8057588e-01  -1.1407293e+00  -4.7598365e-01   3.0719987e+00  -1.1890161e+00
   2.0000000e+00   1.8511561e+00   1.0368905e+00  -3.5449273e-01  -5.6725767e-01  -5.4512458e-01  -7.6822853e-01  -1.7715910e-01   1.1236260e+00  -1.1372980e+00   4.9344482e-01
   2.0000000e+00  -1.0879399e+00   1.4828138e+00  -1.2007516e+00   2.9888674e-02   1.4593856e+00  -1.9984067e-01   9.5470766e-01  -7.5050890e-01  -7.9139511e-02  -1.1422535e+00
   2.0000000e+00   2.5998191e+00   6.2071855e-01  -9.1176731e-01  -3.4820730e-01   9.4719704e-01   2.6561514e-01  -2.2625462e-01   5.9780517e-01   1.9409432e+00  -7.7839205e-02
   2.0000000e+00   3.2485309e-01  -5.7133524e-01   6.3116182e-01  -2.3978818e-01   4.7615248e-01  -1.8587139e+00   4.3312067e-01   3.7617101e-01  -1.4104819e-01  -5.8269102e-01
   2.0000000e+00  -2.0056695e+00  -8.8248545e-01   6.4625599e-01  -3.9082426e-03  -1.1493009e+00   1.8845586e+00  -7.1214912e-01   5.8346192e-01  -1.4744323e-01   1.9195198e+00
   2.0000000e+00   6.5831167e-01  -9.5035069e-01  -9.1442123e-01  -7.8435228e-01   1.0399662e-01   1.2744198e+00  -2.3308976e+00   9.7500596e-01   3.7835052e-01   1.6537978e+00
   2.0000000e+00   8.2801586e-01  -4.4156694e-01  -2.1183031e-02  -1.3299360e-01  -3.9866025e-01  -1.1822700e+00   2.4492092e-01  -4.8099076e-01  -1.9062338e+00   1.1211017e+00
   2.0000000e+00   4.4843906e-01   4.3139983e-01  -6.1438566e-01   5.7733506e-01   6.8543102e-01   4.2015156e-01   9.1920789e-01   1.6483873e-04  -1.1566758e+00  -1.9367455e+00
   2.0000000e+00  -4.8154619e-02  -2.4113096e-01  -1.0047259e+00   1.2906128e-01  -9.9057205e-01   7.1195853e-01  -1.8225915e+00   5.0638912e-01   4.8690848e-01  -3.7343317e-01
   2.0000000e+00   6.1698463e-01  -8.3896705e-01  -2.3123202e+00   9.1349295e-01   8.1408852e-01   1.0576108e+00  -1.9629057e+00   6.1146080e-01   5.4364307e-01   3.4777302e-01
   2.0000000e+00   1.5212216e-01  -1.4410729e+00  -9.2696228e-01  -6.0386515e-01  -4.3046086e-02  -7.3042068e-01  -6.0713849e-01   1.5562437e+00   8.2465135e-01  -1.0258428e+00
   2.0000000e+00  -3.3709873e-01  -1.6839231e+00  -9.3910990e-02   2.7029746e-01   2.5291030e+00  -1.5490902e+00  -5.4690767e-01  -7.4535687e-01   1.2805228e+00   6.8421905e-01
   2.0000000e+00  -4.6053173e-01  -2.7979682e-01  -9.0964937e-01  -1.4624118e-01  -3.5350145e-02  -1.2595660e+00   1.5711823e+00  -8.2157312e-02  -3.3105058e-01   2.2650825e+00
   2.0000000e+00  -1.6554106e+00  -3.1653369e+00   1.5687905e+00  -1.1770512e-01   1.6956554e+00   5.6917451e-01  -4.7440692e-01   9.7117706e-01  -5.2075740e-01  -7.0733701e-01
   2.0000000e+00   6.9398492e-01   5.9871881e-01   8.6130819e-02   3.4009086e-01  -3.2309758e-01  -1.6997872e-01  -1.3214483e+00  -1.2891350e+00  -7.7505006e-01  -6.1956199e-02
   2.0000000e+00  -2.7080500e+00   1.6791828e-01   1.6173644e+00  -1.4737490e+00  -1.5234820e-01   1.2378794e+00   1.2617613e-01   1.0815176e-01  -4.4599870e-01   4.1038414e-01
   2.0000000e+00  -5.2293488e-01   9.4043400e-01  -1.4851528e+00   1.1041709e+00  -1.2200600e+00  -5.9716951e-01  -3.9355550e-01   4.0687569e-01   4.1289535e-01   1.8112586e+00
   1.0000000e+00  -1.1915646e+00   4.2337017e-01  -2.4029843e+00   1.6397185e-01   1.0345385e-01  -3.1466654e-01   1.3152775e+00  -8.4073873e-01   1.0783244e-01  -6.4651735e-01
   2.0000000e+00  -1.5695073e+00   6.5671998e-01  -7.7219368e-01   1.6789427e+00  -1.0025489e-01  -1.4587533e+00   3.1332064e-01   1.1118781e+00  -4.4740274e-01  -1.9079369e-01
   2.0000000e+00  -1.2564431e+00   9.7533436e-01   5.7826391e-01  -6.1600107e-01  -1.0279802e+00   8.4796533e-01   1.2425191e-01   2.4569153e+00   9.0486966e-01  -6.0884982e-01
   2.0000000e+00  -4.8443013e-03   1.7224911e+00  -1.2937811e+00  -3.8935685e-01  -1.6182735e-01  -1.3742448e+00   9.1182798e-02   1.3586178e-01  -3.0958035e-01  -1.1355145e+00
   2.0000000e+00   9.9643198e-01  -1.5907882e+00  -2.5400132e+00  -7.0846271e-01  -2.4654590e-01  -6.3913847e-01   1.5127364e+00   1.3486975e-01   9.0685296e-01   5.8183998e-01
   2.0000000e+00   1.6413124e-01   3.3735270e-01   9.7527520e-01  -1.5041088e+00  -9.5001881e-01  -3.2770025e-01   5.5639244e-01  -6.0992446e-01   4.4070628e-01  -6.9342199e-02
   2.0000000e+00   1.6482655e+00  -1.1739121e-01   5.7221937e-01   2.1699719e+00  -1.0381348e+00  -7.4528373e-02   1.2461874e+00  -4.4246092e-01   5.4600521e-01   6.3506386e-01
   2.0000000e+00   4.0630990e-01   1.6267360e-01  -3.4930702e-01   4.4448236e-01  -5.2597033e-01  -6.5252793e-01   9.4048249e-02   3.2809399e-01   1.3317211e+00   1.7918188e-01
   2.0000000e+00   1.9930285e+00  -2.5070650e+00  -1.8450520e-01   5.9165895e-01  -1.7559131e-02   1.1759946e+00  -9.8978670e-03   8.6464203e-01  -3.6017026e-01  -8.4740774e-01
   2.0000000e+00   7.9480690e-01   1.3671184e+00  -1.9561418e-01  -9.4308649e-02  -1.2281670e-01  -4.7505175e-02  -1.5905061e+00  -3.7041710e-01   9.8200317e-01   1.5302309e+00
   2.0000000e+00  -6.0600606e-02  -2.3364408e+00   6.9433999e-01  -1.5216217e+00   2.2967028e+00   5.7477333e-01   1.6437265e+00   1.3381636e+00  -8.1948908e-01  -5.2744222e-01
   1.0000000e+00   5.1005853e-01   3.5265424e-01   9.2183573e-01   1.5838353e+00   1.1801939e-01  -4.4068390e-01   2.1895773e-02  -1.9379276e+00   9.3082269e-03  -1.2241493e-01
   1.0000000e+00  -3.3227352e-01  -1.0094646e+00  -1.1819075e+00  -2.1568006e-01   3.7775717e-02  -2.5632092e-01  -3.0294633e-01   1.1821582e+00   3.1269237e-01  -1.2531970e+00
   2.0000000e+00  -1.0987569e+00  -1.8796914e+00  -3.2062889e-03   4.0985531e-01  -3.6505635e-01   9.3391338e-01   9.1672520e-01  -9.0961726e-01   3.1943283e-01   6.3873924e-01
   1.0000000e+00   2.7286406e-01   6.9289969e-01  -4.8870219e-01  -6.5310875e-01   1.4465426e-01  -1.6699462e-02   1.7064118e+00   1.0588491e+00   4.8188605e-01  -2.3855645e-01
   2.0000000e+00  -1.2212147e+00  -1.5046689e+00   1.4782269e+00  -6.7186205e-01   2.2408033e+00  -1.3730918e+00   3.0777150e-02   1.5588017e+00   6.3335702e-01  -4.1496519e-01
   2.0000000e+00   4.5790135e-01   6.0431731e-01  -1.4859808e+00   4.4108280e-01   9.2189405e-01  -3.5386251e-01  -1.7025074e+00  -6.4386793e-01  -1.3053827e+00  -2.1371702e+00
   2.0000000e+00  -4.7543988e-01   2.0397798e-01   2.4085677e-01   8.0265837e-02   6.5002124e-01  -1.6931590e+00   6.1228669e-02  -2.0693187e-01   8.3323374e-01  -1.2265930e+00
   2.0000000e+00  -3.2095219e-01   8.4793983e-02   8.4793932e-01   3.4474034e-01  -1.5651651e-01  -7.7172681e-01   5.0345823e-01   1.1771915e+00  -1.7349618e-01  -1.5333454e+00
   2.0000000e+00  -1.2789615e+00   4.9957960e-01   4.8891090e-01  -5.5455225e-02   1.7350434e-01   2.0076121e+00   2.3642697e-01  -7.1794854e-01   2.9189655e+00  -3.7577909e-01
   2.0000000e+00  -2.9653229e-01  -2.9098504e+00  -9.6575576e-01  -3.7044042e-01  -6.9508464e-02  -1.0671607e+00   1.2354052e+00  -2.7973412e+00   7.4710762e-01   3.3081127e-01
   2.0000000e+00  -8.9601654e-01   4.9612119e-01  -2.0614857e+00  -1.2565389e+00   4.8023244e-02  -1.6678388e+00   1.1266374e+00   6.3090734e-01   5.2938714e-02  -6.5448733e-01
   2.0000000e+00   5.0389061e-01  -2.9628717e-01  -7.0770457e-01  -5.1300831e-01  -1.4291105e+00   6.9368957e-01   1.4998779e+00   8.4679717e-01   6.5142934e-01  -1.8782658e-01
   2.0000000e+00  -2.2240185e-01   5.9952442e-01   9.5397752e-01   9.2206315e-01   4.4723740e-01   1.3207018e+00   6.9341724e-01  -6.5039953e-03  -3.2117534e-01   3.0499332e-01
   2.0000000e+00   5.1731266e-01  -5.2426151e-01   6.5887265e-01  -7.9280950e-01  -8.2273635e-01  -5.7755224e-01   3.7830906e-01  -4.4899053e-02   3.8039287e-01  -6.5544742e-01
   2.0000000e+00  -6.3385957e-01   7.7206570e-01  -7.0244210e-01   5.1132268e-01  -1.3005563e+00   1.6680606e+00  -9.7919807e-03  -5.7273294e-01  -1.3424978e+00   6.0892434e-02
   2.0000000e+00   1.1240174e+00   8.5268758e-01  -2.1244493e+00   2.2609692e-01  -4.1602990e-01  -9.2929950e-01   1.2653116e+00   3.1000814e-02   7.2862602e-01   1.0845922e+00
   2.0000000e+00  -2.5253160e-01  -4.9569340e-01  -8.1444410e-01   9.7335337e-01  -9.0561613e-01  -6.5003535e-01  -1.6488062e+00   1.0388950e+00   1.4566105e+00  -6.5917011e-01
   2.0000000e+00  -1.4458155e+00   1.4705909e-01   4.7898690e-01  -2.4610865e-01   1.5322355e+00  -5.7470490e-01   5.5519030e-02  -8.2404411e-01  -8.3453463e-01  -6.4356324e-01
   2.0000000e+00   1.3339661e+00   1.3842206e+00  -9.2573218e-01  -6.5417117e-01  -1.1902164e-01  -1.8465762e+00   3.7135590e-01   1.0314074e+00  -9.8852112e-01  -1.1093506e+00
   2.0000000e+00  -2.0720836e+00  -9.5338051e-02   7.1432498e-01  -6.9715398e-01   9.0826152e-01  -6.8483952e-01   5.7592830e-01   1.5338502e+00  -5.8424121e-01  -7.8208257e-01
   2.0000000e+00   5.7196233e-01  -1.4885403e+00   4.7750195e-01   1.4987496e+00  -9.5355697e-01   1.0843677e-01  -2.4625789e-01  -1.5000814e+00   5.7704222e-02   4.1254330e-01
   2.0000000e+00   1.4810018e+00   1.1764516e+00  -1.1013892e+00  -1.2107526e+00  -9.7546396e-01  -9.3178302e-01   8.7327840e-01  -8.6759558e-01  -5.3631773e-01   1.1653138e+00
   1.0000000e+00   1.4369661e+00   1.4511936e-01   4.0266207e-01  -1.7446141e+00   5.2882798e-02   6.6141702e-01   1.4446586e+00   1.8345818e-01  -6.1360155e-02  -1.2696517e-01
   2.0000000e+00   8.4577858e-01  -1.5764750e+00   7.9180861e-01   9.2765221e-01  -8.2152971e-01   1.4418255e-02  -3.8249147e-01  -2.7786225e-01   5.7613098e-01  -5.4154070e-01
   2.0000000e+00   7.0717823e-01  -3.1570964e-01  -1.6109403e+00  -1.1722489e+00   4.4812110e-01   1.0674905e+00  -2.9396436e-01   5.3897881e-01   2.8351699e-01   9.6798095e-01
   2.0000000e+00   2.2632502e+00   1.7595362e+00   3.1011313e-01  -1.3079127e+00  -5.0371898e-01   5.0828561e-01   6.6606659e-01  -3.4263583e-01  -5.1358880e-01  -2.0054647e+00
   2.0000000e+00  -1.1169805e+00  -7.5294578e-01   8.4419447e-02  -6.2322522e-01  -4.2375786e-01  -7.6153279e-01   1.0550491e+00   1.3689499e+00  -4.9059741e-01   3.9637089e-01
   2.0000000e+00   2.9418931e-01  -7.1942403e-01   2.9685327e-01   1.1190865e+00   7.3862488e-02   1.5553253e+00  -3.6755590e-01  -4.5326816e-01  -1.0704484e-01   1.3290225e+00
   2.0000000e+00  -9.4591478e-02  -7.2829450e-01   2.8596142e-01   5.0709321e-01  -1.7326446e+00  -5.4945802e-01   1.2138205e+00   8.9149990e-01  -1.0072911e+00   1.3868629e+00
   2.0000000e+00   1.8714806e-01   1.8514352e+00   1.0234699e-01  -1.7136442e+00  -1.3805215e+00   4.4484087e-01   6.3779012e-01   1.5093124e+00  -6.8644976e-01  -1.0918407e+00
   2.0000000e+00   1.3280892e+00   8.5335724e-01   1.3733346e-01  -2.2374546e-01  -1.0613883e+00   9.3227450e-01   9.7316344e-01  -6.3133406e-01  -7.0244477e-01   1.4329111e-01
   2.0000000e+00  -7.0942555e-01  -6.4322133e-01   2.1904990e+00   1.3598040e-01  -9.0637877e-02   8.0680806e-01   9.5803083e-01   5.7476322e-01  -5.1101417e-01  -3.6909580e-01
   2.0000000e+00  -5.3821207e-01   1.4535347e+00   1.0572843e+00   7.6592825e-01  -6.7008241e-01  -1.2744649e+00   6.6281343e-01  -5.8978330e-01   7.8145779e-02   6.3089071e-01
   2.0000000e+00   5.5505263e-01   9.9161525e-03   1.9559344e-01  -1.1773160e+00  -1.0736153e+00  -2.1742106e+00  -1.0723734e+00  -1.1999047e+00   1.0458094e+00  -4.7863982e-01
   2.0000000e+00   3.2616770e-01   1.3949918e-01   3.9658991e-01  -9.2856212e-01  -1.0577123e+00   9.6235753e-01  -3.6866382e-01   5.0331586e-01  -1.5904682e+00  -2.0825031e-01
   2.0000000e+00   7.0456980e-01   2.1676337e+00   1.2065318e+00   1.4356461e+00  -4.0180138e-02  -2.3817627e+00  -5.3460077e-02  -6.0265710e-01   9.2826428e-01  -7.4736371e-01
   2.0000000e+00  -1.2048843e+00   5.6420218e-01   6.6389698e-01   6.6347024e-01  -4.1983893e-01  -9.9071599e-01  -1.6092688e-01  -2.0573968e-02  -6.6556668e-01   3.3749835e-01
   2.0000000e+00  -8.8547259e-01   1.3721758e-02   2.2694336e-01  -1.1701167e+00  -2.8062574e+00   3.4618743e-02   4.0171271e-01  -7.0170402e-01   1.8111616e-01  -4.0773127e-01
   2.0000000e+00  -2.2597121e+00  -2.8419521e-01   2.8831622e-01  -7.4421944e-01  -3.1340226e-01  -1.2786443e+00  -2.4043855e+00   5.0333354e-02  -4.0563936e-01  -1.0055471e+00
   2.0000000e+00   1.8698501e+00   1.1988753e+00  -3.4356449e-01   1.6826684e+00   7.5698651e-01   1.1285337e+00  -6.2936221e-01   6.8876769e-01   1.2707980e+00  -2.6999746e+00
   2.0000000e+00   9.5509132e-01  -3.4433121e-01  -5.0773937e-01   6.8675648e-01  -2.7650977e+00   1.6236853e+00   2.5368232e+00   4.7765825e-01  -3.9647533e-01   2.8362022e-03
   2.0000000e+00  -2.1444212e-01  -2.6895764e-01  -9.6831154e-01   7.5298013e-02   2.2204212e+00  -4.8840548e-01  -7.6571946e-01  -4.0256991e-01  -2.4011619e-01   8.0076482e-01
   2.0000000e+00  -1.4076243e+00   2.7191978e-01  -9.9357035e-01  -9.2624758e-01   6.9970710e-01   8.8009527e-01  -2.8072664e+00  -5.2969442e-02   1.4674483e+00   4.7543079e-02
   2.0000000e+00  -2.6529572e-01  -1.3576256e+00  -4.8635979e-01   9.7418393e-01  -2.1334320e-02  -1.9161841e+00  -1.4073492e+00  -2.5033676e-01   2.2897602e-02  -4.3359657e-02
   2.0000000e+00   1.4504069e+00  -7.7760983e-01  -1.8515317e+00  -9.7745725e-01  -1.0902258e+00   1.8027680e-01   7.3801478e-01   4.4245658e-01  -1.1789168e+00  -1.2737610e-01
   2.0000000e+00  -3.8162884e-01  -1.8406203e+00  -3.4676587e-01   1.9834067e-02  -1.1288941e+00  -8.9816150e-01   2.9183133e-01  -5.8864311e-01  -5.0361339e-01  -3.3851729e-01
   2.0000000e+00   4.8633075e-02  -3.3381797e-01   1.3961105e+00  -9.7206845e-01  -9.7860889e-01  -1.7379748e-01   6.6780759e-02  -2.4662969e-01   1.9264018e-01   6.1381226e-01
   2.0000000e+00  -2.5815865e-01   4.7350019e-01  -1.1429475e+00   1.0838807e+00   9.1865365e-02   1.0481974e+00   4.5655044e-02   7.3206417e-01   6.1344945e-01   6.9067700e-01
   2.0000000e+00   3.6430407e-01   3.4414552e-02   1.3832112e-01   2.8109869e-01  -8.9905641e-01  -4.4455812e-02  -1.5158534e+00   1.2328364e+00  -9.5077604e-01  -1.3383032e+00
   2.0000000e+00  -1.2685933e+00  -1.6806010e+00  -2.3365029e-01   2.8383566e-01   5.5699322e-01  -1.6148652e+00   3.9472288e-01   3.7271851e-01  -2.3826893e+00   8.6607368e-02
   2.0000000e+00  -4.6364873e-01  -2.0012589e+00  -4.5161149e-01  -3.8364486e-01  -1.4440034e+00   1.1436084e+00   1.5714941e+00  -6.4621641e-01  -1.6197218e-01   1.0120095e+00
   2.0000000e+00  -2.8088137e-01   7.3255095e-01  -4.0162126e-01  -4.3121165e-01   1.3402337e+00  -5.7430889e-01   9.9174942e-01  -1.1337373e+00  -8.2451355e-01   2.6408915e-01
   2.0000000e+00   7.6915938e-01  -3.3961352e-01  -1.0394629e+00   1.6217690e+00  -4.8278027e-01  -1.2004629e-01   3.1829915e-01   4.6585760e-01  -3.7679022e-01   8.5676887e-01
   2.0000000e+00   3.5116360e-01   1.9034844e-01   2.9625833e-01   8.8715773e-01  -5.3104337e-02   1.6160418e-01  -1.3846957e+00  -3.8155009e-02   5.4461295e-01   7.1225201e-01
   2.0000000e+00   1.7390692e+00  -1.3232041e+00  -1.4960140e+00   1.9930408e+00   3.0816721e-01  -1.4773458e+00   5.5582676e-01  -1.4260550e+00   7.4470347e-01  -3.0199784e-02
   2.0000000e+00   1.7911793e+00   1.1119067e+00  -4.5605070e-01  -2.0749926e+00   5.3014323e-01   1.1610421e+00   6.4452898e-01   5.9980113e-01   1.2688119e+00   6.6048814e-01
   2.0000000e+00  -1.4123986e+00   4.5017619e-01  -8.8695342e-01   7.4166647e-01   2.8549931e-01  -1.0328037e+00   7.0480223e-01   7.7513031e-01   4.4246454e-01  -1.0380368e-01
   2.0000000e+00  -1.6124422e+00   5.7443443e-01   1.0607184e+00  -2.6092786e-01  -4.1396249e-01  -1.5399338e-01   6.4589992e-01  -6.4651162e-01   7.8674292e-01   1.5451388e-01
   2.0000000e+00   6.1118022e-02   1.3959628e+00   5.9567576e-01  -7.1663252e-02   2.2074913e+00   1.3191694e+00   1.4599561e+00  -1.0623551e-01  -1.6177255e+00  -3.4571374e-01
